0.769004, 0.839643, 0.106783, 0.736628, 1.000000
0.835659, 0.820982, 0.121804, 0.644326, 1.000000
0.786629, 0.416648, 0.310608, 0.786951, 1.000000
0.757105, 0.871699, 0.054921, 0.450440, 1.000000
0.531578, 0.348662, 0.424662, 0.687362, 1.000000
0.822859, 0.877275, 0.057100, 0.489711, 1.000000
0.766812, 0.628108, 0.259116, 0.828574, 1.000000
0.658712, 0.260549, 0.592315, 0.722518, 1.000000
0.738831, 0.730856, 0.195259, 0.721577, 1.000000
0.618574, 0.858767, 0.129851, 0.710408, 1.000000
0.596153, 0.843826, 0.132363, 0.703941, 1.000000
0.795564, 0.414093, 0.330872, 0.855734, 1.000000
0.644802, 0.802089, 0.234348, 0.494412, 1.000000
0.394126, 0.921099, 0.337403, 0.510289, 1.000000
0.753312, 0.841888, 0.098848, 0.725223, 1.000000
0.845077, 0.388539, 0.378043, 0.911582, 1.000000
0.700517, 0.630043, 0.243724, 0.830573, 1.000000
0.565783, 0.621912, 0.414845, 0.831983, 1.000000
0.612249, 0.332790, 0.587111, 0.585541, 1.000000
0.885879, 0.927992, 0.040196, 0.404348, 1.000000
0.925138, 0.810610, 0.114869, 0.732982, 1.000000
0.531575, 0.348662, 0.424662, 0.687362, 1.000000
0.791691, 0.895625, 0.063006, 0.411995, 1.000000
0.575323, 0.847852, 0.155211, 0.626340, 1.000000
0.827575, 0.885327, 0.026131, 0.436446, 1.000000
0.558726, 0.309639, 0.586852, 0.516172, 1.000000
0.590276, 0.375376, 0.467995, 0.719461, 1.000000
0.480277, 0.829345, 0.320869, 0.437155, 1.000000
0.981142, 0.882771, 0.037685, 0.483956, 1.000000
0.860517, 0.389703, 0.375053, 0.876429, 1.000000
0.489943, 0.508710, 0.439094, 0.791301, 1.000000
0.615170, 0.651102, 0.370220, 0.821755, 1.000000
0.817703, 0.800387, 0.124871, 0.689832, 1.000000
0.438237, 0.867520, 0.302264, 0.335097, 1.000000
0.391284, 0.545644, 0.579357, 0.832571, 1.000000
0.683729, 0.756409, 0.192934, 0.714405, 1.000000
0.701685, 0.740611, 0.207624, 0.714288, 1.000000
0.769530, 0.545799, 0.297835, 0.847856, 1.000000
0.837246, 0.634843, 0.137015, 0.804235, 1.000000
0.758829, 0.878360, 0.065996, 0.464670, 1.000000
0.808631, 0.841734, 0.097517, 0.722988, 1.000000
0.492965, 0.860395, 0.068137, 0.158024, 1.000000
0.507338, 0.863104, 0.209950, 0.598707, 1.000000
0.577383, 0.733875, 0.327809, 0.783306, 1.000000
0.713800, 0.774216, 0.193524, 0.821284, 1.000000
0.451089, 0.873327, 0.064592, 0.095002, 1.000000
0.658143, 0.763298, 0.248559, 0.576011, 1.000000
0.451089, 0.873327, 0.064592, 0.095002, 1.000000
0.789816, 0.742313, 0.122028, 0.715228, 1.000000
0.625735, 0.638327, 0.351580, 0.785187, 1.000000
0.819650, 0.332636, 0.375717, 0.724752, 1.000000
0.887300, 0.664423, 0.160635, 0.869136, 1.000000
0.734649, 0.733333, 0.205558, 0.641389, 1.000000
0.691654, 0.745490, 0.177724, 0.664784, 1.000000
0.863098, 0.721022, 0.120994, 0.731218, 1.000000
0.855894, 0.545412, 0.298240, 0.885249, 1.000000
0.692700, 0.768952, 0.201017, 0.812348, 1.000000
0.926602, 0.702825, 0.131290, 0.817169, 1.000000
0.734108, 0.361594, 0.424589, 0.867257, 1.000000
0.451378, 0.940456, 0.211500, 0.136274, 1.000000
0.716101, 0.532094, 0.425477, 0.755087, 1.000000
0.543651, 0.722182, 0.304332, 0.734394, 1.000000
0.814941, 0.938057, 0.051341, 0.382125, 1.000000
0.637201, 0.473558, 0.294290, 0.753558, 1.000000
0.897403, 0.631513, 0.178021, 0.919583, 1.000000
0.690767, 0.612621, 0.317914, 0.795535, 1.000000
0.839950, 0.362833, 0.346557, 0.806351, 1.000000
0.682604, 0.872088, 0.095083, 0.524982, 1.000000
0.580014, 0.806658, 0.215560, 0.535330, 1.000000
0.516724, 0.851568, 0.187434, 0.556025, 1.000000
0.792895, 0.427256, 0.330209, 0.821166, 1.000000
0.806193, 0.533798, 0.274801, 0.943452, 1.000000
0.848077, 0.890128, 0.057617, 0.426453, 1.000000
0.808220, 0.386294, 0.384651, 0.876192, 1.000000
0.825635, 0.923501, 0.030525, 0.374724, 1.000000
0.674174, 0.647697, 0.252509, 0.815405, 1.000000
0.781400, 0.814168, 0.117966, 0.607054, 1.000000
0.511381, 0.745258, 0.304517, 0.711701, 1.000000
0.525745, 0.801393, 0.270300, 0.697827, 1.000000
0.589447, 0.663723, 0.374093, 0.853970, 1.000000
0.709993, 0.855362, 0.082680, 0.684307, 1.000000
0.830056, 0.601084, 0.268971, 0.852795, 1.000000
0.869740, 0.837087, 0.101174, 0.660793, 1.000000
0.642429, 0.806348, 0.217443, 0.507815, 1.000000
0.741846, 0.763455, 0.200390, 0.856322, 1.000000
0.798426, 0.615487, 0.262474, 0.842448, 1.000000
0.426252, 0.586603, 0.552265, 0.870200, 1.000000
0.571009, 0.770344, 0.263988, 0.761672, 1.000000
0.804924, 0.410762, 0.316919, 0.838568, 1.000000
0.782064, 0.545877, 0.318358, 0.870427, 1.000000
0.614607, 0.801161, 0.107631, 0.683243, 1.000000
0.800850, 0.649478, 0.258968, 0.813171, 1.000000
0.818388, 0.822456, 0.107855, 0.646917, 1.000000
0.684414, 0.278978, 0.570758, 0.796005, 1.000000
0.743778, 0.582113, 0.318875, 0.833041, 1.000000
0.461342, 0.343012, 0.587292, 0.530866, 1.000000
0.720882, 0.555632, 0.255535, 0.858556, 1.000000
0.663717, 0.257915, 0.578879, 0.769902, 1.000000
0.783311, 0.924276, 0.054921, 0.320049, 1.000000
0.310105, 0.942084, 0.337110, 0.269956, 1.000000
0.750636, 0.321332, 0.386827, 0.673368, 1.000000
0.836654, 0.424776, 0.341500, 0.924284, 1.000000
0.876548, 0.496709, 0.254797, 0.879011, 1.000000
0.748675, 0.342702, 0.399268, 0.755675, 1.000000
0.810909, 0.523887, 0.269118, 0.865728, 1.000000
0.763393, 0.561750, 0.313744, 0.973194, 1.000000
0.674679, 0.914442, 0.075702, 0.343799, 1.000000
0.373818, 0.810453, 0.156021, 0.610109, 1.000000
0.731822, 0.872395, 0.044478, 0.413286, 1.000000
0.718142, 0.920635, 0.083675, 0.402466, 1.000000
0.795729, 0.348198, 0.388416, 0.767315, 1.000000
0.617305, 0.728453, 0.231801, 0.774840, 1.000000
0.741132, 0.876347, 0.089547, 0.541331, 1.000000
0.812070, 0.770422, 0.172559, 0.846446, 1.000000
0.636335, 0.774216, 0.172818, 0.633978, 1.000000
0.690508, 0.624389, 0.192306, 0.766139, 1.000000
0.788857, 0.792877, 0.149120, 0.790008, 1.000000
0.659852, 0.769648, 0.220359, 0.821872, 1.000000
0.716743, 0.541850, 0.326366, 0.946971, 1.000000
0.574880, 0.373288, 0.427725, 0.750384, 1.000000
0.757653, 0.915292, 0.080944, 0.403648, 1.000000
0.801434, 0.904609, 0.047985, 0.344618, 1.000000
0.402750, 0.856679, 0.302781, 0.311347, 1.000000
0.399123, 0.587303, 0.535581, 0.858321, 1.000000
0.441694, 0.889121, 0.278566, 0.302054, 1.000000
0.723745, 0.784825, 0.175363, 0.806469, 1.000000
0.338872, 1.000000, 0.371103, 0.236922, 1.000000
0.780557, 0.407432, 0.324893, 0.762965, 1.000000
0.844529, 0.564381, 0.230103, 0.950853, 1.000000
0.757805, 0.556949, 0.302781, 0.899006, 1.000000
0.743627, 0.352921, 0.386607, 0.750149, 1.000000
0.877795, 0.839800, 0.103164, 0.640097, 1.000000
0.653066, 0.745180, 0.244056, 0.829044, 1.000000
0.539126, 0.722650, 0.315295, 0.740508, 1.000000
0.432829, 0.867056, 0.264763, 0.292297, 1.000000
0.807866, 0.935191, 0.072049, 0.406112, 1.000000
0.899992, 0.869608, 0.014836, 0.420815, 1.000000
0.870714, 0.822299, 0.114610, 0.683243, 1.000000
0.885843, 0.909716, 0.050346, 0.388127, 1.000000
0.492965, 0.860395, 0.068137, 0.158024, 1.000000
0.658633, 0.550677, 0.423775, 0.889477, 1.000000
0.632715, 0.502361, 0.408237, 0.687127, 1.000000
0.808811, 0.640108, 0.166356, 0.832219, 1.000000
0.790754, 0.393883, 0.376677, 0.853383, 1.000000
0.785338, 0.895314, 0.061602, 0.393300, 1.000000
0.545299, 0.393262, 0.360807, 0.687717, 1.000000
0.786081, 0.544715, 0.275245, 0.931922, 1.000000
0.634006, 0.508788, 0.450979, 0.894769, 1.000000
0.769444, 0.552148, 0.257381, 0.834923, 1.000000
0.705363, 0.792334, 0.230805, 0.547205, 1.000000
0.835572, 0.823227, 0.123613, 0.632923, 1.000000
0.380921, 0.961440, 0.342977, 0.475018, 1.000000
0.873389, 0.523345, 0.236452, 0.887249, 1.000000
0.757285, 0.931165, 0.046619, 0.314166, 1.000000
0.647434, 0.820907, 0.226708, 0.571901, 1.000000
0.687111, 0.478126, 0.457772, 0.763200, 1.000000
0.682539, 0.344172, 0.483904, 0.796828, 1.000000
0.792535, 0.374216, 0.351912, 0.779073, 1.000000
0.671058, 0.347502, 0.385203, 0.721577, 1.000000
0.605665, 0.673867, 0.319650, 0.806469, 1.000000
0.871666, 0.661167, 0.166097, 0.855734, 1.000000
0.763833, 0.837787, 0.086445, 0.668076, 1.000000
0.520344, 0.809835, 0.239294, 0.432809, 1.000000
0.680967, 0.865581, 0.083124, 0.472426, 1.000000
0.860120, 0.575221, 0.227704, 0.926403, 1.000000
0.810188, 0.393108, 0.339027, 0.797063, 1.000000
0.588358, 0.839025, 0.186253, 0.612583, 1.000000
0.581644, 0.773595, 0.141293, 0.530629, 1.000000
0.377813, 0.959970, 0.315846, 0.297826, 1.000000
0.516301, 0.750212, 0.160967, 0.552261, 1.000000
0.548984, 0.514442, 0.281224, 0.726161, 1.000000
0.800273, 0.423384, 0.325961, 0.871137, 1.000000
0.385587, 0.555247, 0.608073, 0.863612, 1.000000
0.427118, 0.916762, 0.317914, 0.263491, 1.000000
0.643403, 0.607820, 0.335115, 0.811525, 1.000000
0.766220, 0.373288, 0.375867, 0.765905, 1.000000
0.521595, 0.856990, 0.067250, 0.247852, 1.000000
0.771643, 0.728147, 0.153807, 0.755675, 1.000000
0.498357, 0.448858, 0.586628, 0.809291, 1.000000
0.680368, 0.881997, 0.096926, 0.520636, 1.000000
0.626290, 0.628183, 0.237560, 0.763905, 1.000000
0.499338, 0.456289, 0.573636, 0.774723, 1.000000
0.457664, 0.837787, 0.307063, 0.383653, 1.000000
0.720002, 0.792645, 0.185625, 0.696886, 1.000000
0.381210, 0.962368, 0.361027, 0.331924, 1.000000
0.417426, 0.922495, 0.310901, 0.384126, 1.000000
0.742819, 0.348430, 0.391518, 0.763553, 1.000000
0.639905, 0.753621, 0.226154, 0.781777, 1.000000
0.837000, 0.379634, 0.351283, 0.802471, 1.000000
0.705176, 0.327061, 0.514653, 0.724634, 1.000000
0.574880, 0.373288, 0.427725, 0.750384, 1.000000
0.793862, 0.895857, 0.050531, 0.358493, 1.000000
0.612963, 0.512195, 0.407720, 0.831043, 1.000000
0.855945, 0.630196, 0.257270, 0.850679, 1.000000
0.339016, 0.978552, 0.258045, 0.087709, 1.000000
0.373818, 0.810453, 0.156021, 0.610109, 1.000000
0.806777, 0.786916, 0.145209, 0.699003, 1.000000
0.645984, 0.742934, 0.237928, 0.594361, 1.000000
0.797842, 0.433371, 0.333896, 0.881011, 1.000000
0.932314, 0.735193, 0.106378, 0.749914, 1.000000
0.357138, 0.920482, 0.329395, 0.466316, 1.000000
0.796479, 0.380876, 0.380959, 0.801649, 1.000000
0.451089, 0.873327, 0.064592, 0.095002, 1.000000
0.808962, 0.899340, 0.061641, 0.385772, 1.000000
0.567901, 0.797521, 0.255720, 0.693123, 1.000000
0.854539, 0.598914, 0.216372, 0.918519, 1.000000
0.890495, 0.712506, 0.103203, 0.729338, 1.000000
0.692484, 0.862176, 0.073009, 0.653973, 1.000000
0.659700, 0.799923, 0.207145, 0.609409, 1.000000
0.664474, 0.487727, 0.463235, 0.711466, 1.000000
0.817198, 0.858925, 0.029267, 0.383889, 1.000000
0.761360, 0.896631, 0.043518, 0.324632, 1.000000
0.696342, 0.815021, 0.067215, 0.658438, 1.000000
0.556936, 0.602402, 0.439167, 0.827280, 1.000000
0.810441, 0.543244, 0.263582, 0.845740, 1.000000
0.947148, 0.626402, 0.170565, 0.909581, 1.000000
0.603271, 0.638716, 0.237892, 0.766375, 1.000000
0.603487, 0.554008, 0.471394, 0.739685, 1.000000
0.495767, 0.800776, 0.279673, 0.447739, 1.000000
0.414087, 0.899576, 0.100506, 0.244087, 1.000000
0.347302, 0.984591, 0.354531, 0.456677, 1.000000
0.682323, 0.757337, 0.195111, 0.798003, 1.000000
0.587067, 0.539295, 0.485713, 0.724281, 1.000000
0.842906, 0.909484, 0.030194, 0.394828, 1.000000
0.481847, 0.669377, 0.361876, 0.743447, 1.000000
0.605636, 0.635618, 0.414957, 0.848797, 1.000000
0.548984, 0.514442, 0.281224, 0.726161, 1.000000
0.316884, 0.894697, 0.170379, 0.279831, 1.000000
0.732968, 0.397988, 0.310681, 0.743212, 1.000000
0.904059, 0.573286, 0.229513, 0.952617, 1.000000
0.411282, 0.573443, 0.532737, 0.871018, 1.000000
0.339369, 0.962911, 0.360549, 0.282304, 1.000000
0.670784, 0.514130, 0.431714, 0.752030, 1.000000
0.541657, 0.491676, 0.545842, 0.810467, 1.000000
0.704678, 0.622765, 0.249740, 0.823636, 1.000000
0.655424, 0.591329, 0.321459, 0.769667, 1.000000
0.412111, 0.870771, 0.332862, 0.298181, 1.000000
0.788395, 0.434841, 0.341021, 0.877720, 1.000000
0.796249, 0.549206, 0.278088, 0.930867, 1.000000
0.680563, 0.871157, 0.090801, 0.503705, 1.000000
0.743677, 0.774759, 0.182674, 0.798592, 1.000000
0.407373, 0.573982, 0.552450, 0.848562, 1.000000
0.626146, 0.648161, 0.287871, 0.744152, 1.000000
0.707909, 0.771971, 0.181748, 0.784129, 1.000000
0.682979, 0.866434, 0.087811, 0.645035, 1.000000
0.811681, 0.410373, 0.314373, 0.838568, 1.000000
0.626622, 0.533410, 0.432119, 0.888659, 1.000000
0.656369, 0.478203, 0.452237, 0.750619, 1.000000
0.535224, 0.541929, 0.260336, 0.736863, 1.000000
0.580923, 0.831747, 0.155690, 0.588005, 1.000000
0.837332, 0.348662, 0.364572, 0.777662, 1.000000
0.549273, 0.893690, 0.154841, 0.377897, 1.000000
0.549185, 0.859389, 0.188541, 0.607054, 1.000000
0.889088, 0.637242, 0.168609, 0.883367, 1.000000
0.797027, 0.914132, 0.049424, 0.316757, 1.000000
0.806568, 0.377699, 0.392625, 0.925457, 1.000000
0.730913, 0.406194, 0.323488, 0.797533, 1.000000
0.666732, 0.739683, 0.250552, 0.854559, 1.000000
0.777831, 0.545102, 0.269008, 0.868900, 1.000000
0.726550, 0.601238, 0.318763, 0.809173, 1.000000
0.779929, 0.785057, 0.155285, 0.691125, 1.000000
0.735406, 0.623539, 0.253431, 0.849855, 1.000000
0.638463, 0.800001, 0.185552, 0.552970, 1.000000
0.867541, 0.784978, 0.086221, 0.671722, 1.000000
0.686895, 0.762912, 0.193561, 0.694652, 1.000000
0.622785, 0.691443, 0.286984, 0.784717, 1.000000
0.506674, 0.880141, 0.234348, 0.630568, 1.000000
0.785446, 0.881843, 0.048907, 0.371896, 1.000000
0.574880, 0.373288, 0.427725, 0.750384, 1.000000
0.863661, 0.605575, 0.220137, 0.924984, 1.000000
0.784876, 0.890360, 0.043776, 0.330278, 1.000000
0.896639, 0.889353, 0.063670, 0.471371, 1.000000
0.825657, 0.512737, 0.315665, 0.880193, 1.000000
0.702154, 0.769726, 0.210356, 0.818109, 1.000000
0.888281, 0.520557, 0.232945, 0.881248, 1.000000
0.755273, 0.749748, 0.143658, 0.744387, 1.000000
0.800042, 0.509175, 0.247267, 0.823870, 1.000000
0.606185, 0.336662, 0.590359, 0.605999, 1.000000
0.572425, 0.806348, 0.109367, 0.601298, 1.000000
0.646763, 0.805577, 0.220470, 0.497477, 1.000000
0.522963, 0.498103, 0.560570, 0.859967, 1.000000
0.801196, 0.405498, 0.322455, 0.822812, 1.000000
0.715308, 0.363454, 0.383915, 0.747680, 1.000000
0.531078, 0.481765, 0.576148, 0.840214, 1.000000
0.414087, 0.899576, 0.100506, 0.244087, 1.000000
0.635816, 0.274641, 0.578805, 0.695593, 1.000000
0.604605, 0.349901, 0.576221, 0.619520, 1.000000
0.572454, 0.910027, 0.166653, 0.410586, 1.000000
0.539656, 0.625706, 0.413923, 0.842331, 1.000000
0.741644, 0.748356, 0.232983, 0.645735, 1.000000
0.693010, 0.646844, 0.254169, 0.740272, 1.000000
0.348081, 0.962989, 0.231100, 0.069369, 1.000000
0.806020, 0.744330, 0.123062, 0.759438, 1.000000
0.647304, 0.515369, 0.435182, 0.746386, 1.000000
0.688611, 0.558730, 0.396795, 0.788715, 1.000000
0.662621, 0.742856, 0.202826, 0.574484, 1.000000
0.511584, 0.779249, 0.139229, 0.490775, 1.000000
0.599463, 0.816028, 0.219251, 0.578248, 1.000000
0.590262, 0.546573, 0.462718, 0.725457, 1.000000
0.673179, 0.853581, 0.088069, 0.659147, 1.000000
0.531575, 0.348662, 0.424662, 0.687362, 1.000000
0.722151, 0.771197, 0.216077, 0.842095, 1.000000
0.629340, 0.842741, 0.173261, 0.651263, 1.000000
0.369542, 0.952770, 0.337368, 0.479364, 1.000000
0.678955, 0.907239, 0.098107, 0.486183, 1.000000
0.581997, 0.880837, 0.168755, 0.614938, 1.000000
0.527631, 0.860316, 0.086148, 0.336743, 1.000000
0.623449, 0.336273, 0.594714, 0.584477, 1.000000
0.840714, 0.896246, 0.045990, 0.374960, 1.000000
0.814162, 0.803328, 0.108407, 0.679369, 1.000000
0.797842, 0.414325, 0.335227, 0.810584, 1.000000
0.870548, 0.329384, 0.378599, 0.755675, 1.000000
0.622511, 0.601238, 0.367304, 0.794006, 1.000000
0.661251, 0.709718, 0.150300, 0.670313, 1.000000
0.593009, 0.829113, 0.139117, 0.695123, 1.000000
0.531575, 0.348662, 0.424662, 0.687362, 1.000000
0.921432, 0.712970, 0.130368, 0.784129, 1.000000
0.700510, 0.727061, 0.259153, 0.641861, 1.000000
0.621768, 0.339218, 0.568837, 0.636451, 1.000000
0.720565, 0.599535, 0.285692, 0.773900, 1.000000
0.545299, 0.393262, 0.360807, 0.687717, 1.000000
0.777196, 0.874255, 0.059573, 0.472781, 1.000000
0.382760, 0.590862, 0.562082, 0.862318, 1.000000
0.787927, 0.890592, 0.058427, 0.406112, 1.000000
0.762088, 0.563374, 0.310755, 0.940860, 1.000000
0.829097, 0.608826, 0.272143, 0.865375, 1.000000
0.496219, 0.273556, 0.587736, 0.638915, 1.000000
0.811897, 0.869376, 0.015392, 0.301118, 1.000000
0.761331, 0.770654, 0.198692, 0.734628, 1.000000
0.630343, 0.624235, 0.352833, 0.787304, 1.000000
0.584327, 0.607202, 0.336222, 0.761789, 1.000000
0.655100, 0.561903, 0.409382, 0.859497, 1.000000
0.764518, 0.564306, 0.283331, 0.927812, 1.000000
0.724243, 0.732869, 0.131626, 0.716756, 1.000000
0.791201, 0.568175, 0.305585, 0.858909, 1.000000
0.757833, 0.362986, 0.412445, 0.917465, 1.000000
0.793840, 0.662099, 0.258119, 0.807880, 1.000000
0.581327, 0.602555, 0.440240, 0.852677, 1.000000
0.577363, 0.725512, 0.323084, 0.765905, 1.000000
0.639119, 0.768177, 0.228147, 0.813171, 1.000000
0.867851, 0.809678, 0.126418, 0.711818, 1.000000
0.422712, 0.946031, 0.234422, 0.157197, 1.000000
0.798664, 0.524041, 0.266092, 0.884776, 1.000000
0.555444, 0.904066, 0.167282, 0.421279, 1.000000
0.767316, 0.782190, 0.171564, 0.796592, 1.000000
0.373818, 0.810453, 0.156021, 0.610109, 1.000000
0.803301, 0.532946, 0.299533, 0.860555, 1.000000
0.747968, 0.549516, 0.295806, 0.813054, 1.000000
0.732024, 0.631824, 0.262549, 0.816698, 1.000000
0.198761, 0.834303, 0.362948, 0.693946, 1.000000
0.417491, 0.897174, 0.321571, 0.267729, 1.000000
0.545299, 0.393262, 0.360807, 0.687717, 1.000000
0.531575, 0.348662, 0.424662, 0.687362, 1.000000
0.571925, 0.715368, 0.315812, 0.759672, 1.000000
0.763538, 0.866049, 0.053891, 0.417524, 1.000000
0.492215, 0.815949, 0.308911, 0.423989, 1.000000
0.704029, 0.855209, 0.085080, 0.689243, 1.000000
0.738968, 0.840496, 0.102647, 0.706175, 1.000000
0.701945, 0.920093, 0.085558, 0.387299, 1.000000
0.340227, 0.946342, 0.306253, 0.288533, 1.000000
0.703705, 0.358189, 0.408275, 0.792712, 1.000000
0.751927, 0.637631, 0.266904, 0.800120, 1.000000
0.633689, 0.695084, 0.317656, 0.834217, 1.000000
0.710115, 0.536972, 0.285545, 0.887595, 1.000000
0.924821, 0.724120, 0.123945, 0.772136, 1.000000
0.789073, 0.580253, 0.296689, 0.865258, 1.000000
0.761598, 0.752304, 0.151076, 0.775428, 1.000000
0.740721, 0.804956, 0.211426, 0.546269, 1.000000
0.760127, 0.633758, 0.237486, 0.762259, 1.000000
0.666111, 0.566936, 0.277610, 0.855264, 1.000000
0.670280, 0.888193, 0.090947, 0.504996, 1.000000
0.807318, 0.368098, 0.351063, 0.775663, 1.000000
0.561421, 0.933335, 0.168165, 0.406940, 1.000000
0.645609, 0.847310, 0.126974, 0.708526, 1.000000
0.399267, 0.518002, 0.523583, 0.731218, 1.000000
0.550264, 0.918469, 0.167907, 0.383771, 1.000000
0.740786, 0.808671, 0.075443, 0.666785, 1.000000
0.364169, 0.951453, 0.342055, 0.303473, 1.000000
0.713526, 0.852496, 0.065699, 0.473835, 1.000000
0.816282, 0.608748, 0.248633, 0.810114, 1.000000
0.616720, 0.516840, 0.496233, 0.749679, 1.000000
0.898607, 0.895007, 0.051785, 0.440919, 1.000000
0.569999, 0.616261, 0.412557, 0.827045, 1.000000
0.782713, 0.895007, 0.053409, 0.362376, 1.000000
0.547337, 0.903602, 0.161225, 0.398711, 1.000000
0.678876, 0.795665, 0.228405, 0.618929, 1.000000
0.327889, 0.932482, 0.311086, 0.462315, 1.000000
0.842164, 0.415795, 0.349878, 0.886303, 1.000000
0.345384, 0.946884, 0.339285, 0.479600, 1.000000
0.781739, 0.905383, 0.048502, 0.325104, 1.000000
0.481673, 0.825551, 0.144950, 0.474190, 1.000000
0.661186, 0.772746, 0.247009, 0.575193, 1.000000
0.570384, 0.723578, 0.299938, 0.762024, 1.000000
0.780650, 0.891524, 0.060275, 0.437510, 1.000000
0.344691, 0.968797, 0.240143, 0.071842, 1.000000
0.598814, 0.681145, 0.170272, 0.617993, 1.000000
0.701094, 0.632673, 0.242395, 0.830455, 1.000000
0.479122, 0.739062, 0.287647, 0.671604, 1.000000
0.824683, 0.528765, 0.315665, 0.886422, 1.000000
0.721978, 0.725744, 0.239589, 0.672195, 1.000000
0.601937, 0.509562, 0.507343, 0.708761, 1.000000
0.667373, 0.296864, 0.562380, 0.699708, 1.000000
0.649518, 0.774991, 0.252582, 0.837627, 1.000000
0.730408, 0.418661, 0.323820, 0.805411, 1.000000
0.535224, 0.541929, 0.260336, 0.736863, 1.000000
0.550370, 0.793262, 0.280931, 0.508170, 1.000000
0.518496, 0.812698, 0.273991, 0.473490, 1.000000
0.503362, 0.747271, 0.275060, 0.674432, 1.000000
0.812373, 0.557724, 0.258820, 0.864670, 1.000000
0.554201, 0.781109, 0.242764, 0.739685, 1.000000
0.647809, 0.532714, 0.427910, 0.876192, 1.000000
0.796631, 0.532559, 0.286394, 0.924402, 1.000000
0.780189, 0.881301, 0.059388, 0.456086, 1.000000
0.758569, 0.509639, 0.336705, 1.000000, 1.000000
0.650751, 0.861944, 0.076038, 0.607054, 1.000000
0.782035, 0.370575, 0.401926, 0.863965, 1.000000
0.821409, 0.931011, 0.051711, 0.390473, 1.000000
0.590896, 0.567247, 0.454856, 0.737685, 1.000000
0.417144, 0.574835, 0.529601, 0.815875, 1.000000
0.648977, 0.323962, 0.598738, 0.647272, 1.000000
0.328704, 0.970421, 0.349215, 0.437037, 1.000000
0.424926, 0.563842, 0.559463, 0.834217, 1.000000
0.856637, 0.890049, 0.041450, 0.383771, 1.000000
0.499040, 0.844908, 0.268454, 0.392946, 1.000000
0.647946, 0.754703, 0.231691, 0.830103, 1.000000
0.633458, 0.335424, 0.581571, 0.589423, 1.000000
0.398063, 0.921021, 0.347591, 0.404703, 1.000000
0.414087, 0.899576, 0.100506, 0.244087, 1.000000
0.754797, 0.509872, 0.262327, 0.803764, 1.000000
0.691748, 0.330080, 0.502251, 0.739449, 1.000000
0.620990, 0.752847, 0.219842, 0.558144, 1.000000
0.602211, 0.699574, 0.313929, 0.797298, 1.000000
0.881214, 0.823384, 0.087665, 0.634569, 1.000000
0.668578, 0.875804, 0.093644, 0.530275, 1.000000
0.913636, 0.892762, 0.042777, 0.430454, 1.000000
0.595367, 0.844601, 0.134357, 0.709819, 1.000000
0.535224, 0.541929, 0.260336, 0.736863, 1.000000
0.546885, 0.741075, 0.300196, 0.735334, 1.000000
0.800071, 0.727915, 0.142882, 0.779661, 1.000000
0.848827, 0.594192, 0.215523, 0.919347, 1.000000
0.755612, 0.540147, 0.318358, 0.949326, 1.000000
0.570442, 0.898644, 0.163478, 0.412814, 1.000000
0.750067, 0.882154, 0.063118, 0.439628, 1.000000
0.772509, 0.627408, 0.264394, 0.805176, 1.000000
0.604100, 0.744330, 0.247747, 0.822577, 1.000000
0.737786, 0.387611, 0.347225, 0.758850, 1.000000
0.684710, 0.626327, 0.236341, 0.772136, 1.000000
0.789953, 0.626634, 0.267716, 0.832336, 1.000000
0.791705, 0.911576, 0.067250, 0.385071, 1.000000
0.792066, 0.392255, 0.364163, 0.876074, 1.000000
0.774095, 0.367248, 0.414845, 0.900179, 1.000000
0.917516, 0.807047, 0.112060, 0.693123, 1.000000
0.563453, 0.855362, 0.174812, 0.640916, 1.000000
0.765723, 0.881147, 0.056286, 0.462315, 1.000000
0.623362, 0.744562, 0.250515, 0.820813, 1.000000
0.700250, 0.897638, 0.079467, 0.412932, 1.000000
0.652114, 0.585133, 0.341836, 0.820343, 1.000000
0.554143, 0.632441, 0.412665, 0.836098, 1.000000
0.824041, 0.400386, 0.358774, 0.893123, 1.000000
0.563684, 0.854202, 0.123945, 0.651027, 1.000000
0.577479, 0.829424, 0.169087, 0.643980, 1.000000
0.731014, 0.842124, 0.102759, 0.689361, 1.000000
0.863805, 0.799923, 0.126788, 0.699708, 1.000000
0.367515, 0.935270, 0.309906, 0.464433, 1.000000
0.921792, 0.498799, 0.244093, 0.902416, 1.000000
0.313206, 0.971816, 0.256864, 0.000000, 1.000000
0.590565, 0.650020, 0.311233, 0.737803, 1.000000
0.722317, 0.850640, 0.102686, 0.682897, 1.000000
0.837447, 0.785135, 0.086445, 0.641389, 1.000000
0.521162, 0.758886, 0.314446, 0.697944, 1.000000
0.570759, 0.863104, 0.193930, 0.577430, 1.000000
0.536363, 0.773056, 0.273328, 0.715816, 1.000000
0.784638, 0.746807, 0.139669, 0.774252, 1.000000
0.711262, 0.788929, 0.192454, 0.606472, 1.000000
0.694012, 0.880373, 0.090947, 0.504878, 1.000000
0.783405, 0.524041, 0.314446, 0.964256, 1.000000
0.535224, 0.541929, 0.260336, 0.736863, 1.000000
0.759463, 0.765700, 0.175842, 0.742036, 1.000000
0.379609, 0.547348, 0.534878, 0.779779, 1.000000
0.659001, 0.608052, 0.311198, 0.773547, 1.000000
0.576150, 0.493999, 0.537463, 0.715816, 1.000000
0.711637, 0.867130, 0.085412, 0.681715, 1.000000
0.508349, 0.828417, 0.249592, 0.430335, 1.000000
0.577633, 0.784435, 0.282848, 0.553907, 1.000000
0.849887, 0.594270, 0.233610, 0.927694, 1.000000
0.771593, 0.787766, 0.129963, 0.673250, 1.000000
0.787869, 0.754935, 0.122950, 0.687832, 1.000000
0.758619, 0.845065, 0.090357, 0.693359, 1.000000
0.589432, 0.811770, 0.274801, 0.518636, 1.000000
0.711464, 0.622376, 0.236194, 0.829279, 1.000000
0.647167, 0.741464, 0.238925, 0.590596, 1.000000
0.728735, 0.390710, 0.448730, 0.852442, 1.000000
0.375066, 0.920635, 0.347001, 0.496295, 1.000000
0.710361, 0.938368, 0.083861, 0.375424, 1.000000
0.693154, 0.350444, 0.485567, 0.784364, 1.000000
0.498732, 0.901589, 0.067805, 0.220928, 1.000000
0.751264, 0.362137, 0.415840, 0.874546, 1.000000
0.504373, 0.455362, 0.592832, 0.845975, 1.000000
0.548984, 0.514442, 0.281224, 0.726161, 1.000000
0.571616, 0.761980, 0.251770, 0.737098, 1.000000
0.786513, 0.654047, 0.258045, 0.809291, 1.000000
0.601576, 0.611767, 0.314334, 0.760025, 1.000000
0.652431, 0.258536, 0.578030, 0.755440, 1.000000
0.863315, 0.525745, 0.236673, 0.807880, 1.000000
0.711897, 0.752921, 0.196034, 0.723929, 1.000000
0.692808, 0.838404, 0.098736, 0.658319, 1.000000
0.658770, 0.826172, 0.228701, 0.479718, 1.000000
0.839661, 0.725902, 0.136240, 0.794829, 1.000000
0.872856, 0.501974, 0.246972, 0.868080, 1.000000
0.486554, 0.853967, 0.205004, 0.588241, 1.000000
0.765788, 0.605189, 0.309169, 0.843859, 1.000000
0.792203, 0.608980, 0.293260, 0.859380, 1.000000
0.700005, 0.917769, 0.081276, 0.398238, 1.000000
0.936006, 0.746108, 0.116122, 0.744035, 1.000000
0.653167, 0.584515, 0.362875, 0.816228, 1.000000
0.931737, 0.737670, 0.104754, 0.721930, 1.000000
0.334884, 0.987068, 0.354643, 0.250907, 1.000000
0.634900, 0.678821, 0.319835, 0.845858, 1.000000
0.813643, 0.422377, 0.296987, 0.842331, 1.000000
0.757848, 0.772435, 0.182191, 0.710760, 1.000000
0.737851, 0.730624, 0.219731, 0.749914, 1.000000
0.566504, 0.857997, 0.135133, 0.397065, 1.000000
0.545951, 0.551451, 0.401077, 0.681952, 1.000000
0.661575, 0.439025, 0.337885, 0.771666, 1.000000
0.531713, 0.686489, 0.316329, 0.760025, 1.000000
0.599752, 0.845297, 0.161708, 0.613992, 1.000000
0.667143, 0.794348, 0.170491, 0.477018, 1.000000
0.690486, 0.797057, 0.209654, 0.536512, 1.000000
0.769206, 0.570034, 0.285877, 0.952617, 1.000000
0.407705, 0.983199, 0.257492, 0.090883, 1.000000
0.920523, 0.733565, 0.123911, 0.754970, 1.000000
0.750016, 0.902903, 0.067030, 0.440919, 1.000000
0.689758, 0.599071, 0.345045, 0.849503, 1.000000
0.511102, 0.767324, 0.273845, 0.692418, 1.000000
0.855988, 0.805730, 0.122213, 0.666194, 1.000000
0.648285, 0.336741, 0.595046, 0.607527, 1.000000
0.707296, 0.540147, 0.406466, 0.751443, 1.000000
0.500156, 0.486643, 0.561897, 0.835628, 1.000000
0.559939, 0.513356, 0.471984, 0.654437, 1.000000
0.814140, 0.570809, 0.206886, 0.863965, 1.000000
0.794648, 0.527913, 0.324927, 0.973904, 1.000000
0.772256, 0.676344, 0.251807, 0.807997, 1.000000
0.711428, 0.921410, 0.092166, 0.415523, 1.000000
0.405310, 0.951453, 0.225231, 0.131455, 1.000000
0.814018, 0.560201, 0.256421, 0.863377, 1.000000
0.803777, 0.335502, 0.371990, 0.732512, 1.000000
0.612451, 0.844290, 0.131548, 0.717933, 1.000000
0.757689, 0.368794, 0.398936, 0.810114, 1.000000
0.641484, 0.745337, 0.271553, 0.591769, 1.000000
0.762312, 0.542160, 0.311750, 0.953445, 1.000000
0.794265, 0.554162, 0.260445, 0.868318, 1.000000
0.762687, 0.865660, 0.071273, 0.663966, 1.000000
0.773893, 0.885327, 0.052009, 0.380243, 1.000000
0.729024, 0.350290, 0.392440, 0.703000, 1.000000
0.698671, 0.335192, 0.501475, 0.777545, 1.000000
0.672926, 0.655053, 0.254908, 0.741095, 1.000000
0.620860, 0.812002, 0.225268, 0.580012, 1.000000
0.799213, 0.534649, 0.271997, 0.877838, 1.000000
0.824027, 0.332790, 0.372727, 0.774605, 1.000000
0.653253, 0.505923, 0.450462, 0.875138, 1.000000
0.799508, 0.933488, 0.039972, 0.346263, 1.000000
0.483512, 0.491057, 0.557951, 0.843036, 1.000000
0.330405, 0.991716, 0.267236, 0.082417, 1.000000
0.804910, 0.924197, 0.060017, 0.397174, 1.000000
0.653455, 0.546186, 0.427467, 0.906408, 1.000000
0.621062, 0.811459, 0.240217, 0.577657, 1.000000
0.698325, 0.799227, 0.215413, 0.625631, 1.000000
0.869949, 0.817577, 0.096263, 0.621284, 1.000000
0.821063, 0.639955, 0.263729, 0.836334, 1.000000
0.639357, 0.261866, 0.589028, 0.728044, 1.000000
0.791835, 0.550135, 0.261552, 0.838803, 1.000000
0.670215, 0.322956, 0.412592, 0.663730, 1.000000
0.904752, 0.903292, 0.037612, 0.411641, 1.000000
0.713512, 0.858535, 0.070649, 0.667731, 1.000000
0.592036, 0.857997, 0.137825, 0.703941, 1.000000
0.696082, 0.815021, 0.217554, 0.617165, 1.000000
0.531232, 0.892062, 0.176100, 0.401884, 1.000000
0.788806, 0.336120, 0.373985, 0.728397, 1.000000
0.664698, 0.485094, 0.447511, 0.715463, 1.000000
0.591401, 0.849633, 0.138083, 0.674777, 1.000000
0.847291, 0.825783, 0.117414, 0.641743, 1.000000
0.366008, 0.957103, 0.210282, 0.061495, 1.000000
0.800273, 0.530391, 0.290452, 0.836687, 1.000000
0.678587, 0.259464, 0.590467, 0.736509, 1.000000
0.532040, 0.771197, 0.257750, 0.726633, 1.000000
0.820796, 0.316917, 0.394874, 0.713229, 1.000000
0.619295, 0.835231, 0.245754, 0.579194, 1.000000
0.610785, 0.829113, 0.137274, 0.598352, 1.000000
0.487786, 0.821757, 0.092718, 0.547442, 1.000000
0.575342, 0.838715, 0.157279, 0.658674, 1.000000
0.842099, 0.402788, 0.343050, 0.887476, 1.000000
0.617939, 0.306308, 0.600620, 0.620693, 1.000000
0.576795, 0.607898, 0.419751, 0.796945, 1.000000
0.306536, 0.581728, 0.519599, 0.740978, 1.000000
0.883060, 0.646769, 0.173705, 0.869373, 1.000000
0.737418, 0.785985, 0.181567, 0.541686, 1.000000
0.555068, 0.709254, 0.273694, 0.738979, 1.000000
0.912280, 0.900815, 0.020927, 0.381425, 1.000000
0.587521, 0.793884, 0.245421, 0.501468, 1.000000
0.791186, 0.406272, 0.323045, 0.805293, 1.000000
0.591185, 0.754860, 0.294514, 0.840567, 1.000000
0.692310, 0.613474, 0.307468, 0.813877, 1.000000
0.708536, 0.926211, 0.074487, 0.376833, 1.000000
0.779237, 0.619434, 0.256200, 0.808350, 1.000000
0.316884, 0.894697, 0.170379, 0.279831, 1.000000
0.584651, 0.828496, 0.167390, 0.627158, 1.000000
0.404892, 0.959891, 0.245643, 0.140975, 1.000000
0.922174, 0.896321, 0.021556, 0.382953, 1.000000
0.874608, 0.638095, 0.173003, 0.879011, 1.000000
0.753687, 0.717613, 0.119038, 0.695475, 1.000000
0.490809, 0.864189, 0.319504, 0.379070, 1.000000
0.783290, 0.851953, 0.038904, 0.410586, 1.000000
0.425690, 0.583198, 0.525578, 0.841037, 1.000000
0.862990, 0.541153, 0.261035, 0.887249, 1.000000
0.688762, 0.771350, 0.226449, 0.818109, 1.000000
0.492965, 0.860395, 0.068137, 0.158024, 1.000000
0.792398, 0.771739, 0.161191, 0.726516, 1.000000
0.487787, 0.821757, 0.092718, 0.547442, 1.000000
0.641910, 0.635386, 0.220839, 0.753441, 1.000000
0.548906, 0.800851, 0.295582, 0.484183, 1.000000
0.757538, 0.348894, 0.380330, 0.791301, 1.000000
0.752670, 0.558341, 0.319909, 0.966966, 1.000000
0.871500, 0.495548, 0.249445, 0.877838, 1.000000
0.780124, 0.783971, 0.162259, 0.813759, 1.000000
0.843613, 0.801240, 0.123282, 0.664666, 1.000000
0.803128, 0.404334, 0.329765, 0.845858, 1.000000
0.640410, 0.742238, 0.251290, 0.823870, 1.000000
0.653167, 0.531707, 0.425291, 0.748620, 1.000000
0.762045, 0.542315, 0.300640, 0.835864, 1.000000
0.778768, 0.312426, 0.392513, 0.663375, 1.000000
0.695253, 0.647001, 0.260555, 0.851032, 1.000000
0.644809, 0.551839, 0.409787, 0.851266, 1.000000
0.774232, 0.367634, 0.411338, 0.882539, 1.000000
0.827265, 0.427410, 0.301157, 0.859967, 1.000000
1.000000, 0.710646, 0.118190, 0.826927, 1.000000
0.644614, 0.421213, 0.348737, 0.704764, 1.000000
0.663068, 0.284628, 0.575923, 0.746033, 1.000000
0.745841, 0.780334, 0.170603, 0.797533, 1.000000
0.704079, 0.779171, 0.202383, 0.815288, 1.000000
0.787970, 0.401857, 0.336851, 0.795652, 1.000000
0.808299, 0.498722, 0.237818, 0.802589, 1.000000
0.575785, 0.734497, 0.308540, 0.747680, 1.000000
0.877932, 0.514208, 0.241767, 0.878666, 1.000000
0.535420, 0.770269, 0.305809, 0.721577, 1.000000
0.726579, 0.418351, 0.327585, 0.804823, 1.000000
0.718647, 0.741617, 0.222906, 0.723929, 1.000000
0.591632, 0.900504, 0.172486, 0.409995, 1.000000
0.780362, 0.611767, 0.284141, 0.828691, 1.000000
0.563915, 0.739062, 0.279157, 0.745210, 1.000000
0.480152, 0.476189, 0.574558, 0.822342, 1.000000
0.523040, 0.868448, 0.223644, 0.608236, 1.000000
0.721084, 0.343476, 0.482172, 0.829279, 1.000000
0.842726, 0.389161, 0.339617, 0.827516, 1.000000
0.749973, 0.354238, 0.487225, 0.793888, 1.000000
0.761151, 0.624157, 0.273289, 0.814347, 1.000000
0.699385, 0.915913, 0.085192, 0.406585, 1.000000
0.409673, 0.915524, 0.301045, 0.513344, 1.000000
0.487787, 0.821757, 0.092718, 0.547442, 1.000000
0.582834, 0.255980, 0.584785, 0.659147, 1.000000
0.665628, 0.617732, 0.284916, 0.760614, 1.000000
0.816167, 0.416106, 0.319797, 0.863141, 1.000000
0.499184, 0.772589, 0.267347, 0.716404, 1.000000
0.722274, 0.844444, 0.071088, 0.652209, 1.000000
0.780412, 0.391481, 0.341836, 0.783306, 1.000000
0.894266, 0.655903, 0.152997, 0.875374, 1.000000
0.640331, 0.744716, 0.263914, 0.827516, 1.000000
0.596262, 0.548896, 0.475710, 0.766728, 1.000000
0.504373, 0.494386, 0.560346, 0.818462, 1.000000
0.548984, 0.514440, 0.281224, 0.726163, 1.000000
0.822498, 0.532714, 0.289237, 0.960965, 1.000000
0.758937, 0.359581, 0.378525, 0.770137, 1.000000
0.545296, 0.393262, 0.360807, 0.687715, 1.000000
0.674880, 0.417034, 0.363538, 0.769432, 1.000000
0.375520, 0.928224, 0.364977, 0.332742, 1.000000
0.607021, 0.847620, 0.145282, 0.728397, 1.000000
0.495805, 0.736042, 0.249186, 0.713582, 1.000000
0.529441, 0.782269, 0.214158, 0.669722, 1.000000
0.525889, 0.864343, 0.068874, 0.208580, 1.000000
0.685762, 0.567479, 0.301488, 0.814935, 1.000000
0.563944, 0.763919, 0.178500, 0.681133, 1.000000
0.756377, 0.625784, 0.271962, 0.826927, 1.000000
0.669580, 0.360356, 0.453159, 0.740743, 1.000000
0.776973, 0.370036, 0.372361, 0.776722, 1.000000
0.820558, 0.381262, 0.386607, 0.845388, 1.000000
0.358133, 0.920325, 0.341612, 0.337452, 1.000000
0.801448, 0.801240, 0.138010, 0.670904, 1.000000
0.562760, 0.733179, 0.279234, 0.718520, 1.000000
0.468918, 0.789547, 0.247784, 0.645035, 1.000000
0.696868, 0.732094, 0.230546, 0.633978, 1.000000
0.725923, 0.390474, 0.339139, 0.727457, 1.000000
0.929840, 0.717074, 0.124169, 0.771666, 1.000000
0.548984, 0.514442, 0.281224, 0.726161, 1.000000
0.794640, 0.932635, 0.058539, 0.382244, 1.000000
0.619454, 0.858925, 0.157387, 0.619284, 1.000000
0.561239, 0.529074, 0.322455, 0.821284, 1.000000
0.543583, 0.897948, 0.180460, 0.412113, 1.000000
0.626463, 0.809525, 0.189981, 0.453849, 1.000000
0.768001, 0.771971, 0.177651, 0.802942, 1.000000
0.741507, 0.376614, 0.455188, 0.814817, 1.000000
0.790278, 0.898876, 0.051414, 0.371196, 1.000000
0.790970, 0.741000, 0.140888, 0.771313, 1.000000
0.911026, 0.906929, 0.038865, 0.382835, 1.000000
0.778422, 0.377003, 0.399785, 0.895942, 1.000000
0.602406, 0.685482, 0.326517, 0.797768, 1.000000
0.774816, 0.777083, 0.147974, 0.765552, 1.000000
0.822541, 0.399226, 0.330058, 0.848679, 1.000000
0.766213, 0.569338, 0.271738, 0.904644, 1.000000
0.843166, 0.334649, 0.376565, 0.754381, 1.000000
0.880889, 0.663570, 0.142292, 0.814347, 1.000000
0.743591, 0.643281, 0.236636, 0.771195, 1.000000
0.680996, 0.576074, 0.358296, 0.842448, 1.000000
0.632283, 0.348120, 0.581903, 0.612937, 1.000000
0.853731, 0.776772, 0.141702, 0.745446, 1.000000
0.803229, 0.896631, 0.058320, 0.396947, 1.000000
0.692152, 0.641115, 0.315256, 0.801649, 1.000000
0.759629, 0.836080, 0.097077, 0.723459, 1.000000
0.545299, 0.393262, 0.360807, 0.687717, 1.000000
0.723139, 0.787302, 0.210098, 0.573311, 1.000000
0.803013, 0.717924, 0.149232, 0.798709, 1.000000
0.635823, 0.486566, 0.468327, 0.895833, 1.000000
0.882915, 0.527603, 0.235456, 0.884539, 1.000000
0.475339, 0.464189, 0.532961, 0.740625, 1.000000
0.857236, 0.818894, 0.100584, 0.643389, 1.000000
0.561806, 0.787612, 0.277274, 0.728280, 1.000000
0.877154, 0.835542, 0.081608, 0.636569, 1.000000
0.768751, 0.375222, 0.349512, 0.712524, 1.000000
0.510756, 0.834303, 0.290012, 0.419870, 1.000000
0.316884, 0.894697, 0.170379, 0.279831, 1.000000
0.535227, 0.541928, 0.260334, 0.736862, 1.000000
0.438661, 0.518776, 0.495681, 0.642443, 1.000000
0.714601, 0.889585, 0.089655, 0.494531, 1.000000
0.581262, 0.856215, 0.200980, 0.621521, 1.000000
0.312096, 0.943943, 0.318578, 0.416933, 1.000000
0.783629, 0.399069, 0.333418, 0.824576, 1.000000
0.709474, 0.594734, 0.306916, 0.812113, 1.000000
0.762816, 0.766396, 0.192454, 0.820813, 1.000000
0.456951, 0.841813, 0.323415, 0.359321, 1.000000
0.807412, 0.787612, 0.121029, 0.667258, 1.000000
0.574687, 0.868294, 0.199172, 0.625167, 1.000000
0.639198, 0.273092, 0.574558, 0.739214, 1.000000
0.331350, 0.987768, 0.259411, 0.080653, 1.000000
0.766451, 0.399533, 0.348737, 0.799532, 1.000000
0.555568, 0.876811, 0.215302, 0.625985, 1.000000
0.853450, 0.579247, 0.225489, 0.912991, 1.000000
0.867339, 0.827875, 0.118190, 0.660675, 1.000000
0.562452, 0.628725, 0.353350, 0.771078, 1.000000
0.843159, 0.801008, 0.144028, 0.743212, 1.000000
0.506135, 0.783818, 0.261515, 0.708408, 1.000000
0.569546, 0.515679, 0.512215, 0.728985, 1.000000
0.571511, 0.540069, 0.486600, 0.737921, 1.000000
0.799335, 0.351065, 0.432192, 0.880657, 1.000000
0.670424, 0.818430, 0.217000, 0.479955, 1.000000
0.535583, 0.762291, 0.213346, 0.725928, 1.000000
0.735291, 0.321875, 0.511995, 0.829514, 1.000000
0.680686, 0.524196, 0.436548, 0.907935, 1.000000
0.847594, 0.593032, 0.216077, 0.889832, 1.000000
0.797208, 0.895082, 0.058134, 0.406940, 1.000000
0.699702, 0.633915, 0.312232, 0.794241, 1.000000
0.791316, 0.584747, 0.226708, 0.889240, 1.000000
0.509081, 0.840649, 0.287979, 0.416578, 1.000000
0.741586, 0.530700, 0.288091, 0.885949, 1.000000
0.670121, 0.649167, 0.242912, 0.803059, 1.000000
0.407084, 0.639566, 0.167721, 0.595888, 2.000000
0.535968, 0.510027, 0.226338, 0.809173, 2.000000
0.387570, 0.247696, 0.567730, 0.865258, 2.000000
0.230318, 0.036236, 0.903289, 0.660793, 2.000000
0.250525, 0.208051, 0.662076, 0.865258, 2.000000
0.343386, 0.503910, 0.285213, 0.902416, 2.000000
0.381044, 0.617885, 0.118629, 0.574138, 2.000000
0.443359, 0.635075, 0.149232, 0.509470, 2.000000
0.532599, 0.520015, 0.215339, 0.790596, 2.000000
0.436774, 0.266125, 0.478627, 0.826927, 2.000000
0.333932, 0.173517, 0.630258, 0.717933, 2.000000
0.397847, 0.281376, 0.458289, 0.831748, 2.000000
0.463527, 0.511962, 0.214010, 0.822930, 2.000000
0.481509, 0.623614, 0.070649, 0.499004, 2.000000
0.082116, 0.761131, 0.256864, 0.169899, 2.000000
0.376479, 0.618349, 0.196588, 0.563318, 2.000000
0.451975, 0.445143, 0.331204, 0.880193, 2.000000
0.376681, 0.177233, 0.616120, 0.766139, 2.000000
0.249659, 0.031514, 0.795399, 0.543796, 2.000000
0.376450, 0.257840, 0.463274, 0.782483, 2.000000
0.482732, 0.500890, 0.207108, 0.834217, 2.000000
0.541994, 0.641115, 0.033588, 0.409640, 2.000000
0.262048, 0.697175, 0.194595, 0.334743, 2.000000
0.387679, 0.504142, 0.289052, 0.779544, 2.000000
0.356669, 0.249477, 0.512844, 0.746622, 2.000000
0.315399, 0.124275, 0.620329, 0.619757, 2.000000
0.473606, 0.352614, 0.313447, 0.845622, 2.000000
0.583930, 0.559737, 0.113942, 0.787304, 2.000000
0.591805, 0.657916, 0.014875, 0.405294, 2.000000
0.184915, 0.791174, 0.214268, 0.161197, 2.000000
0.310689, 0.532404, 0.332789, 0.797063, 2.000000
0.342982, 0.311498, 0.477739, 0.857498, 2.000000
0.390693, 0.277971, 0.428354, 0.792712, 2.000000
0.544479, 0.533255, 0.142404, 0.829750, 2.000000
0.626160, 0.674410, 0.016533, 0.535212, 2.000000
0.566668, 0.696476, 0.001068, 0.224220, 2.000000
0.111921, 0.856058, 0.211020, 0.233858, 2.000000
0.275354, 0.619898, 0.241620, 0.699003, 2.000000
0.359056, 0.458692, 0.280229, 0.817756, 2.000000
0.441982, 0.440110, 0.219288, 0.783306, 2.000000
0.551140, 0.587689, 0.086040, 0.747797, 2.000000
0.573686, 0.640262, 0.053004, 0.625049, 2.000000
0.487632, 0.630353, 0.081866, 0.512171, 2.000000
0.247611, 0.639798, 0.205336, 0.452322, 2.000000
0.060706, 0.840185, 0.228110, 0.440565, 2.000000
0.198235, 0.640419, 0.260998, 0.686539, 2.000000
0.289582, 0.513046, 0.257270, 0.772254, 2.000000
0.385133, 0.514982, 0.184924, 0.728985, 2.000000
0.461447, 0.607973, 0.100842, 0.683834, 2.000000
0.445573, 0.587767, 0.125496, 0.678187, 2.000000
0.358855, 0.554704, 0.207772, 0.677487, 2.000000
0.353994, 0.574061, 0.224087, 0.618575, 2.000000
0.417202, 0.460241, 0.351429, 0.817874, 2.000000
0.283358, 0.259389, 0.690387, 0.684780, 2.000000
0.157692, 0.294462, 0.700795, 0.702530, 2.000000
0.321204, 0.660007, 0.213346, 0.660911, 2.000000
0.525427, 0.570498, 0.166580, 0.724047, 2.000000
0.397342, 0.324662, 0.515390, 0.793182, 2.000000
0.219198, 0.010298, 0.989222, 0.475372, 2.000000
0.218131, 0.204335, 0.764245, 0.646562, 2.000000
0.286221, 0.495470, 0.330575, 0.847856, 2.000000
0.365121, 0.636235, 0.169238, 0.542504, 2.000000
0.476869, 0.509872, 0.229623, 0.763082, 2.000000
0.346732, 0.252265, 0.550529, 0.833041, 2.000000
0.204162, 0.048625, 0.872617, 0.651027, 2.000000
0.233275, 0.212388, 0.666134, 0.836451, 2.000000
0.320973, 0.511421, 0.282848, 0.871964, 2.000000
0.345708, 0.631049, 0.124462, 0.534394, 2.000000
0.403796, 0.638559, 0.142844, 0.464552, 2.000000
0.479411, 0.514595, 0.224862, 0.736628, 2.000000
0.398077, 0.266974, 0.475379, 0.767550, 2.000000
0.303990, 0.177080, 0.618412, 0.687950, 2.000000
0.383345, 0.289971, 0.453529, 0.804117, 2.000000
0.439864, 0.516840, 0.217295, 0.805999, 2.000000
0.443243, 0.627719, 0.072346, 0.463961, 2.000000
0.054850, 0.764768, 0.250368, 0.139802, 2.000000
0.340451, 0.633837, 0.184630, 0.530393, 2.000000
0.411101, 0.437629, 0.348737, 0.832454, 2.000000
0.345001, 0.166393, 0.631477, 0.699120, 2.000000
0.227614, 0.034687, 0.778935, 0.492185, 2.000000
0.371042, 0.261324, 0.455002, 0.747680, 2.000000
0.469871, 0.506078, 0.208067, 0.815405, 2.000000
0.508532, 0.648625, 0.037870, 0.376251, 2.000000
0.227845, 0.698646, 0.187951, 0.315348, 2.000000
0.353475, 0.509098, 0.284623, 0.758262, 2.000000
0.328819, 0.242042, 0.522330, 0.723576, 2.000000
0.297997, 0.138520, 0.590247, 0.595888, 2.000000
0.463864, 0.365621, 0.307287, 0.831983, 2.000000
0.568141, 0.556796, 0.121287, 0.771548, 2.000000
0.551631, 0.663338, 0.022147, 0.369432, 2.000000
0.155478, 0.779328, 0.220285, 0.144503, 2.000000
0.281642, 0.531165, 0.340690, 0.771431, 2.000000
0.322112, 0.303678, 0.490624, 0.836569, 2.000000
0.372390, 0.268912, 0.436586, 0.775311, 2.000000
0.525331, 0.536817, 0.144136, 0.817286, 2.000000
0.601295, 0.675727, 0.018972, 0.513462, 2.000000
0.526544, 0.702825, 0.010627, 0.196587, 2.000000
0.084309, 0.858693, 0.215892, 0.227866, 2.000000
0.258284, 0.616029, 0.234680, 0.684307, 2.000000
0.336225, 0.461479, 0.276279, 0.791889, 2.000000
0.418241, 0.451103, 0.205078, 0.758144, 2.000000
0.522414, 0.587146, 0.086299, 0.721107, 2.000000
0.550976, 0.646380, 0.056286, 0.615047, 2.000000
0.451590, 0.636314, 0.086333, 0.495358, 2.000000
0.209218, 0.644909, 0.207108, 0.423752, 2.000000
0.038487, 0.843516, 0.237707, 0.419288, 2.000000
0.183350, 0.643670, 0.251955, 0.671140, 2.000000
0.268957, 0.519164, 0.251549, 0.750384, 2.000000
0.367768, 0.529462, 0.172154, 0.702294, 2.000000
0.453178, 0.610222, 0.096483, 0.662439, 2.000000
0.439036, 0.589548, 0.127934, 0.668549, 2.000000
0.347936, 0.570266, 0.196403, 0.670668, 2.000000
0.305988, 0.589006, 0.209470, 0.585186, 2.000000
0.373494, 0.483623, 0.337037, 0.786128, 2.000000
0.248830, 0.282308, 0.668792, 0.672313, 2.000000
0.138495, 0.316610, 0.675068, 0.680779, 2.000000
0.270911, 0.666436, 0.208178, 0.611528, 2.000000
0.466819, 0.568407, 0.166321, 0.675014, 2.000000
0.338237, 0.334417, 0.514097, 0.771783, 2.000000
0.184324, 0.018118, 0.973347, 0.484538, 2.000000
0.191427, 0.226248, 0.743171, 0.645035, 2.000000
0.265503, 0.503135, 0.319577, 0.831983, 2.000000
0.434913, 0.627566, 0.177470, 0.630104, 2.000000
0.510014, 0.476035, 0.288130, 0.847622, 2.000000
0.388746, 0.197368, 0.620255, 0.889832, 2.000000
0.272080, 0.038635, 0.897900, 0.764376, 2.000000
0.322495, 0.259232, 0.615418, 0.971430, 2.000000
0.413611, 0.524816, 0.260555, 0.938742, 2.000000
0.387859, 0.638406, 0.129924, 0.575193, 2.000000
0.468167, 0.622608, 0.156689, 0.556144, 2.000000
0.523290, 0.489353, 0.265501, 0.804235, 2.000000
0.452100, 0.236702, 0.507381, 0.810114, 2.000000
0.375210, 0.175299, 0.625830, 0.767786, 2.000000
0.462188, 0.323498, 0.424257, 0.911818, 2.000000
0.508128, 0.538908, 0.200094, 0.846211, 2.000000
0.487141, 0.634301, 0.073638, 0.487247, 2.000000
0.129914, 0.763298, 0.219141, 0.153441, 2.000000
0.403659, 0.595588, 0.207366, 0.625631, 2.000000
0.460408, 0.410530, 0.387602, 0.867962, 2.000000
0.396426, 0.135579, 0.641924, 0.665139, 2.000000
0.299014, 0.065580, 0.740991, 0.526747, 2.000000
0.449077, 0.300658, 0.416913, 0.806469, 2.000000
0.544055, 0.539837, 0.176914, 0.813641, 2.000000
0.561575, 0.651412, 0.037982, 0.400702, 2.000000
0.297651, 0.667053, 0.208030, 0.410586, 2.000000
0.407546, 0.463803, 0.327034, 0.775311, 2.000000
0.379039, 0.211692, 0.532961, 0.667139, 2.000000
0.382919, 0.168021, 0.560239, 0.621166, 2.000000
0.547713, 0.385830, 0.301157, 0.877365, 2.000000
0.654299, 0.584669, 0.097960, 0.777545, 2.000000
0.596384, 0.666200, 0.027682, 0.421515, 2.000000
0.203160, 0.749980, 0.234532, 0.273012, 2.000000
0.325055, 0.486411, 0.372469, 0.777427, 2.000000
0.381708, 0.278435, 0.490439, 0.790243, 2.000000
0.468966, 0.322028, 0.375902, 0.782013, 2.000000
0.620557, 0.548896, 0.142844, 0.836804, 2.000000
0.680311, 0.685867, 0.012807, 0.513698, 2.000000
0.572386, 0.693998, 0.019084, 0.268902, 2.000000
0.112592, 0.821525, 0.239700, 0.319694, 2.000000
0.299908, 0.581649, 0.257417, 0.735099, 2.000000
0.405621, 0.431047, 0.293110, 0.833630, 2.000000
0.538722, 0.479829, 0.181489, 0.806469, 2.000000
0.622526, 0.598143, 0.093385, 0.766610, 2.000000
0.633494, 0.653193, 0.054847, 0.620812, 2.000000
0.490992, 0.636625, 0.095600, 0.524637, 2.000000
0.246587, 0.664887, 0.212275, 0.422225, 2.000000
0.064073, 0.812080, 0.254280, 0.480428, 2.000000
0.225350, 0.615098, 0.261699, 0.706175, 2.000000
0.347641, 0.506465, 0.251844, 0.782365, 2.000000
0.472325, 0.548819, 0.157572, 0.725575, 2.000000
0.526958, 0.605421, 0.105305, 0.722753, 2.000000
0.500455, 0.583430, 0.132216, 0.725693, 2.000000
0.391183, 0.556253, 0.212423, 0.722753, 2.000000
0.374799, 0.562293, 0.239442, 0.679724, 2.000000
0.415630, 0.425240, 0.424736, 0.820578, 2.000000
0.298560, 0.228882, 0.737411, 0.700648, 2.000000
0.192170, 0.308943, 0.698951, 0.740155, 2.000000
0.359792, 0.659001, 0.193450, 0.666903, 2.000000
0.521442, 0.541618, 0.205668, 0.777780, 2.000000
0.383229, 0.259389, 0.613242, 0.839155, 2.000000
0.264140, 0.000000, 1.000000, 0.592478, 2.000000
0.282313, 0.249245, 0.718366, 0.769667, 2.000000
0.354881, 0.513279, 0.311676, 0.900297, 2.000000
0.380215, 0.643824, 0.175402, 0.560963, 2.000000
0.507743, 0.520557, 0.219251, 0.778015, 2.000000
0.386539, 0.260471, 0.535288, 0.898415, 2.000000
0.256034, 0.059851, 0.846706, 0.721224, 2.000000
0.283142, 0.192489, 0.677468, 0.865611, 2.000000
0.357181, 0.497251, 0.301122, 0.935805, 2.000000
0.385703, 0.619588, 0.133655, 0.601999, 2.000000
0.415197, 0.637785, 0.151593, 0.480773, 2.000000
0.501187, 0.530081, 0.213567, 0.764729, 2.000000
0.433615, 0.276344, 0.465746, 0.849973, 2.000000
0.348585, 0.174603, 0.615383, 0.751443, 2.000000
0.430356, 0.279210, 0.458401, 0.850443, 2.000000
0.471055, 0.506542, 0.228590, 0.846681, 2.000000
0.481606, 0.629268, 0.077735, 0.524164, 2.000000
0.046456, 0.756641, 0.274396, 0.175546, 2.000000
0.345571, 0.639334, 0.189649, 0.513817, 2.000000
0.422315, 0.468525, 0.325225, 0.847504, 2.000000
0.377482, 0.185596, 0.602869, 0.757557, 2.000000
0.263635, 0.029344, 0.790083, 0.529929, 2.000000
0.406111, 0.249398, 0.470911, 0.805764, 2.000000
0.492407, 0.489818, 0.231875, 0.886067, 2.000000
0.543025, 0.648857, 0.038680, 0.430690, 2.000000
0.232597, 0.707705, 0.199689, 0.283477, 2.000000
0.366816, 0.523112, 0.281448, 0.743565, 2.000000
0.350727, 0.274098, 0.487669, 0.758379, 2.000000
0.339816, 0.142935, 0.592832, 0.606936, 2.000000
0.508060, 0.365467, 0.305068, 0.860673, 2.000000
0.605319, 0.555015, 0.126754, 0.813641, 2.000000
0.596601, 0.661014, 0.019747, 0.412932, 2.000000
0.145094, 0.796129, 0.221946, 0.095002, 2.000000
0.285731, 0.538134, 0.344196, 0.755675, 2.000000
0.342066, 0.319783, 0.470248, 0.860673, 2.000000
0.418486, 0.270615, 0.435143, 0.774252, 2.000000
0.562567, 0.526287, 0.156611, 0.853500, 2.000000
0.628980, 0.672782, 0.032149, 0.559672, 2.000000
0.553739, 0.710029, 0.003024, 0.220692, 2.000000
0.070838, 0.863183, 0.208916, 0.198114, 2.000000
0.254138, 0.622997, 0.234385, 0.667376, 2.000000
0.361184, 0.462639, 0.277610, 0.810467, 2.000000
0.457539, 0.449244, 0.212866, 0.766022, 2.000000
0.561999, 0.587067, 0.093751, 0.758615, 2.000000
0.568805, 0.645684, 0.071312, 0.650327, 2.000000
0.467705, 0.635618, 0.085192, 0.522991, 2.000000
0.242332, 0.636003, 0.197843, 0.468080, 2.000000
0.020877, 0.845297, 0.225047, 0.438564, 2.000000
0.177769, 0.644520, 0.256458, 0.691125, 2.000000
0.292336, 0.527061, 0.247120, 0.783541, 2.000000
0.401243, 0.520712, 0.177651, 0.733100, 2.000000
0.474193, 0.602866, 0.099291, 0.682425, 2.000000
0.444851, 0.577234, 0.133099, 0.706292, 2.000000
0.354708, 0.559580, 0.203786, 0.703470, 2.000000
0.340949, 0.593342, 0.207550, 0.624812, 2.000000
0.405195, 0.478358, 0.329321, 0.813171, 2.000000
0.285248, 0.267053, 0.681784, 0.696180, 2.000000
0.166512, 0.284164, 0.718293, 0.679606, 2.000000
0.299937, 0.661167, 0.219583, 0.671140, 2.000000
0.505230, 0.572433, 0.167023, 0.708056, 2.000000
0.384491, 0.336584, 0.495272, 0.813406, 2.000000
0.232337, 0.026867, 0.958253, 0.567664, 2.000000
0.239708, 0.196979, 0.760295, 0.690419, 2.000000
0.298776, 0.492760, 0.339914, 0.902534, 2.000000
0.437024, 0.619977, 0.174554, 0.634805, 2.000000
0.495362, 0.471156, 0.287242, 0.843976, 2.000000
0.367869, 0.190397, 0.622099, 0.862789, 2.000000
0.250294, 0.047929, 0.869072, 0.734511, 2.000000
0.292106, 0.267442, 0.600435, 0.942743, 2.000000
0.374547, 0.526984, 0.261035, 0.906289, 2.000000
0.344302, 0.638716, 0.130519, 0.553207, 2.000000
0.471190, 0.622686, 0.149710, 0.571665, 2.000000
0.518168, 0.474640, 0.270963, 0.821636, 2.000000
0.442367, 0.219666, 0.519818, 0.808350, 2.000000
0.363304, 0.164848, 0.629780, 0.767903, 2.000000
0.440346, 0.324505, 0.423150, 0.903353, 2.000000
0.478410, 0.535656, 0.205004, 0.837157, 2.000000
0.448904, 0.641889, 0.069688, 0.463024, 2.000000
0.158860, 0.765157, 0.217258, 0.179192, 2.000000
0.415587, 0.595356, 0.207218, 0.650209, 2.000000
0.460234, 0.394657, 0.391664, 0.884894, 2.000000
0.380099, 0.112503, 0.667909, 0.685953, 2.000000
0.291053, 0.057452, 0.742727, 0.580840, 2.000000
0.428351, 0.296864, 0.424331, 0.839744, 2.000000
0.516349, 0.530003, 0.185404, 0.816228, 2.000000
0.516262, 0.655128, 0.036539, 0.379543, 2.000000
0.311223, 0.662099, 0.206517, 0.446557, 2.000000
0.418637, 0.452110, 0.336188, 0.824223, 2.000000
0.374864, 0.191793, 0.558541, 0.716639, 2.000000
0.374035, 0.156020, 0.562711, 0.688420, 2.000000
0.519632, 0.389703, 0.286945, 0.900652, 2.000000
0.616562, 0.588695, 0.095966, 0.766139, 2.000000
0.556791, 0.669530, 0.030892, 0.400702, 2.000000
0.219854, 0.733643, 0.251290, 0.328278, 2.000000
0.335497, 0.486023, 0.357559, 0.846563, 2.000000
0.378203, 0.262098, 0.515278, 0.859027, 2.000000
0.456730, 0.307315, 0.402111, 0.859380, 2.000000
0.581348, 0.556639, 0.128636, 0.831278, 2.000000
0.636739, 0.694230, 0.006457, 0.483010, 2.000000
0.527545, 0.697871, 0.015797, 0.248088, 2.000000
0.135286, 0.816338, 0.229623, 0.368250, 2.000000
0.312925, 0.576463, 0.263729, 0.768961, 2.000000
0.400356, 0.432364, 0.296875, 0.858556, 2.000000
0.506761, 0.477042, 0.187213, 0.836334, 2.000000
0.572011, 0.600078, 0.093975, 0.766492, 2.000000
0.584543, 0.653657, 0.048536, 0.601062, 2.000000
0.446747, 0.632598, 0.097999, 0.510052, 2.000000
0.222306, 0.666125, 0.212275, 0.423043, 2.000000
0.083674, 0.801936, 0.251660, 0.512171, 2.000000
0.235626, 0.609522, 0.263619, 0.749090, 2.000000
0.333333, 0.506233, 0.257934, 0.815288, 2.000000
0.447595, 0.545489, 0.157021, 0.759791, 2.000000
0.485889, 0.614634, 0.108148, 0.717580, 2.000000
0.464384, 0.579868, 0.135094, 0.707232, 2.000000
0.355970, 0.559580, 0.204746, 0.702060, 2.000000
0.360427, 0.561286, 0.235714, 0.678069, 2.000000
0.395186, 0.432596, 0.411192, 0.802706, 2.000000
0.274870, 0.245451, 0.729291, 0.691242, 2.000000
0.158615, 0.328531, 0.675956, 0.728985, 2.000000
0.340913, 0.652576, 0.197695, 0.663848, 2.000000
0.499386, 0.537979, 0.211094, 0.771901, 2.000000
0.363131, 0.263954, 0.616120, 0.786363, 2.000000
0.241294, 0.003562, 0.985013, 0.539213, 2.000000
0.248138, 0.270693, 0.681048, 0.732747, 2.000000
0.318276, 0.522106, 0.305068, 0.865728, 2.000000
0.448268, 0.626170, 0.172301, 0.644089, 2.000000
0.530770, 0.478203, 0.274875, 0.857851, 2.000000
0.403601, 0.199613, 0.608887, 0.865375, 2.000000
0.281231, 0.027563, 0.903069, 0.717109, 2.000000
0.324860, 0.254974, 0.607039, 0.916292, 2.000000
0.409327, 0.522261, 0.266719, 0.920993, 2.000000
0.384780, 0.639180, 0.129373, 0.577430, 2.000000
0.477572, 0.624235, 0.150783, 0.576602, 2.000000
0.534977, 0.484552, 0.261552, 0.845035, 2.000000
0.467916, 0.218891, 0.517014, 0.844917, 2.000000
0.392445, 0.156795, 0.632843, 0.784717, 2.000000
0.481144, 0.307547, 0.433412, 0.917937, 2.000000
0.516580, 0.523732, 0.207329, 0.865494, 2.000000
0.488315, 0.637631, 0.074521, 0.496413, 2.000000
0.138683, 0.764151, 0.225563, 0.184366, 2.000000
0.407265, 0.601934, 0.208547, 0.641743, 2.000000
0.457443, 0.389003, 0.405247, 0.914055, 2.000000
0.401106, 0.121562, 0.654951, 0.731571, 2.000000
0.315658, 0.035926, 0.773472, 0.603763, 2.000000
0.462631, 0.279595, 0.433817, 0.877838, 2.000000
0.545190, 0.525048, 0.191494, 0.864670, 2.000000
0.554259, 0.656213, 0.034993, 0.409167, 2.000000
0.292784, 0.672475, 0.202309, 0.416814, 2.000000
0.402347, 0.456600, 0.332643, 0.822577, 2.000000
0.384513, 0.186449, 0.571202, 0.735922, 2.000000
0.395539, 0.145644, 0.577031, 0.679015, 2.000000
0.561508, 0.374216, 0.297206, 0.920520, 2.000000
0.653340, 0.582656, 0.100286, 0.796357, 2.000000
0.591776, 0.661789, 0.031520, 0.425634, 2.000000
0.192934, 0.742470, 0.252361, 0.280186, 2.000000
0.320922, 0.475882, 0.395503, 0.847975, 2.000000
0.377698, 0.260396, 0.516424, 0.883485, 2.000000
0.456008, 0.301508, 0.392698, 0.870318, 2.000000
0.611521, 0.540379, 0.140410, 0.870664, 2.000000
0.666075, 0.685635, 0.013359, 0.529456, 2.000000
0.561027, 0.696943, 0.021001, 0.262082, 2.000000
0.101328, 0.819437, 0.233352, 0.321340, 2.000000
0.290101, 0.581881, 0.259485, 0.736039, 2.000000
0.387361, 0.437165, 0.295953, 0.841978, 2.000000
0.498684, 0.472320, 0.186733, 0.829867, 2.000000
0.595800, 0.593881, 0.090064, 0.788950, 2.000000
0.612408, 0.650327, 0.053004, 0.632096, 2.000000
0.478372, 0.631281, 0.100174, 0.532748, 2.000000
0.226936, 0.658148, 0.214231, 0.429981, 2.000000
0.048619, 0.815100, 0.246012, 0.484419, 2.000000
0.209073, 0.619202, 0.257122, 0.711818, 2.000000
0.314108, 0.511730, 0.254280, 0.782836, 2.000000
0.431719, 0.545102, 0.154621, 0.734746, 2.000000
0.486303, 0.608052, 0.100584, 0.717109, 2.000000
0.471816, 0.581728, 0.130924, 0.715346, 2.000000
0.364465, 0.552768, 0.215413, 0.713582, 2.000000
0.368013, 0.574139, 0.229697, 0.675250, 2.000000
0.404171, 0.445681, 0.401150, 0.827398, 2.000000
0.277971, 0.231902, 0.738962, 0.724634, 2.000000
0.170593, 0.303446, 0.700243, 0.746857, 2.000000
0.361552, 0.659311, 0.200390, 0.670431, 2.000000
0.527044, 0.542780, 0.198470, 0.780484, 2.000000
0.380994, 0.273556, 0.592905, 0.806351, 2.000000
0.248332, 0.004258, 0.986120, 0.550615, 2.000000
0.265661, 0.244444, 0.720615, 0.725340, 2.000000
0.337437, 0.511421, 0.311013, 0.880548, 2.000000
0.350612, 0.641811, 0.174920, 0.535212, 2.000000
0.478304, 0.509562, 0.230325, 0.769197, 2.000000
0.342564, 0.243823, 0.570608, 0.861025, 2.000000
0.217835, 0.036390, 0.900597, 0.690302, 2.000000
0.263484, 0.207976, 0.672781, 0.866551, 2.000000
0.363275, 0.496864, 0.285140, 0.927694, 2.000000
0.384787, 0.619977, 0.125276, 0.563672, 2.000000
0.389669, 0.641036, 0.153182, 0.453149, 2.000000
0.477803, 0.527526, 0.213235, 0.744505, 2.000000
0.393340, 0.268138, 0.477666, 0.805999, 2.000000
0.320620, 0.165543, 0.649635, 0.751795, 2.000000
0.398020, 0.272939, 0.475710, 0.856675, 2.000000
0.469563, 0.511730, 0.218329, 0.872073, 2.000000
0.472441, 0.621833, 0.070756, 0.495358, 2.000000
0.033519, 0.769880, 0.264541, 0.092183, 2.000000
0.330283, 0.618813, 0.200759, 0.517463, 2.000000
0.406911, 0.443668, 0.336076, 0.831748, 2.000000
0.340379, 0.166239, 0.625459, 0.704646, 2.000000
0.238849, 0.029965, 0.786947, 0.533221, 2.000000
0.385328, 0.249088, 0.477149, 0.792478, 2.000000
0.488614, 0.491212, 0.209618, 0.858321, 2.000000
0.531867, 0.639255, 0.033515, 0.412468, 2.000000
0.204299, 0.692296, 0.206554, 0.303000, 2.000000
0.340949, 0.489740, 0.313154, 0.736509, 2.000000
0.328740, 0.236624, 0.524802, 0.718638, 2.000000
0.308721, 0.122104, 0.616452, 0.599534, 2.000000
0.481856, 0.348894, 0.318470, 0.863024, 2.000000
0.580793, 0.549129, 0.126457, 0.816111, 2.000000
0.577575, 0.659154, 0.015280, 0.401529, 2.000000
0.132488, 0.786991, 0.230768, 0.113460, 2.000000
0.268395, 0.514363, 0.355306, 0.736392, 2.000000
0.322862, 0.298720, 0.486712, 0.781542, 2.000000
0.392806, 0.269455, 0.433153, 0.691477, 2.000000
0.558668, 0.521796, 0.150783, 0.810114, 2.000000
0.632816, 0.663338, 0.023473, 0.549797, 2.000000
0.557003, 0.696865, 0.003136, 0.222219, 2.000000
0.050891, 0.862794, 0.228332, 0.160379, 2.000000
0.233419, 0.606196, 0.257049, 0.678424, 2.000000
0.349335, 0.435848, 0.301600, 0.818345, 2.000000
0.444466, 0.432596, 0.225489, 0.786363, 2.000000
0.561248, 0.580100, 0.090025, 0.764023, 2.000000
0.578721, 0.643438, 0.056730, 0.621639, 2.000000
0.482675, 0.634843, 0.081018, 0.487829, 2.000000
0.229821, 0.647154, 0.211168, 0.426216, 2.000000
0.005928, 0.851879, 0.237116, 0.361548, 2.000000
0.165567, 0.632134, 0.274026, 0.659374, 2.000000
0.276702, 0.510027, 0.269746, 0.781425, 2.000000
0.381282, 0.512350, 0.195074, 0.743565, 2.000000
0.464865, 0.608209, 0.104198, 0.695593, 2.000000
0.443263, 0.591251, 0.125828, 0.661375, 2.000000
0.358169, 0.563142, 0.200058, 0.662320, 2.000000
0.271459, 0.582809, 0.235492, 0.559672, 2.000000
0.347864, 0.468447, 0.356891, 0.810349, 2.000000
0.248981, 0.269455, 0.681121, 0.762377, 2.000000
0.143825, 0.298256, 0.712090, 0.741801, 2.000000
0.250092, 0.662949, 0.224308, 0.584477, 2.000000
0.454824, 0.580332, 0.163366, 0.671959, 2.000000
0.344735, 0.337901, 0.501217, 0.787421, 2.000000
0.201783, 0.026556, 0.964857, 0.522518, 2.000000
0.217806, 0.204646, 0.768566, 0.639979, 2.000000
0.290043, 0.490205, 0.344269, 0.855264, 2.000000
0.327975, 0.648007, 0.168609, 0.518281, 2.000000
0.447893, 0.516840, 0.230030, 0.756263, 2.000000
0.322754, 0.257840, 0.552597, 0.841625, 2.000000
0.190403, 0.031282, 0.902147, 0.624458, 2.000000
0.236881, 0.205110, 0.671562, 0.811878, 2.000000
0.329533, 0.500348, 0.291710, 0.879011, 2.000000
0.365590, 0.623229, 0.128266, 0.561554, 2.000000
0.362532, 0.653347, 0.144209, 0.423398, 2.000000
0.448663, 0.539759, 0.206665, 0.729338, 2.000000
0.378852, 0.277814, 0.469619, 0.815992, 2.000000
0.297709, 0.160975, 0.648455, 0.722518, 2.000000
0.375556, 0.268755, 0.470804, 0.827280, 2.000000
0.444851, 0.514130, 0.219030, 0.827986, 2.000000
0.457106, 0.626016, 0.072863, 0.491239, 2.000000
0.021879, 0.776847, 0.256938, 0.087246, 2.000000
0.307913, 0.638017, 0.187434, 0.491239, 2.000000
0.387830, 0.464189, 0.313744, 0.824812, 2.000000
0.332244, 0.169259, 0.615086, 0.731807, 2.000000
0.234306, 0.039798, 0.778935, 0.520400, 2.000000
0.366845, 0.254353, 0.466298, 0.765552, 2.000000
0.458020, 0.496632, 0.212460, 0.820461, 2.000000
0.509639, 0.642585, 0.036763, 0.389418, 2.000000
0.190771, 0.700970, 0.199762, 0.279722, 2.000000
0.330723, 0.506233, 0.288203, 0.735569, 2.000000
0.318896, 0.258847, 0.495531, 0.720637, 2.000000
0.293930, 0.128997, 0.606117, 0.585068, 2.000000
0.456278, 0.349052, 0.323527, 0.822577, 2.000000
0.551140, 0.552768, 0.132401, 0.786128, 2.000000
0.552295, 0.661093, 0.024064, 0.377661, 2.000000
0.115433, 0.786142, 0.232429, 0.089473, 2.000000
0.249681, 0.532559, 0.328766, 0.735687, 2.000000
0.307581, 0.302207, 0.482650, 0.811525, 2.000000
0.375462, 0.262562, 0.445629, 0.727221, 2.000000
0.529528, 0.521873, 0.152149, 0.821755, 2.000000
0.604490, 0.669994, 0.025171, 0.540977, 2.000000
0.527217, 0.701976, 0.005829, 0.196123, 2.000000
0.037398, 0.874640, 0.216778, 0.144030, 2.000000
0.214482, 0.608748, 0.261995, 0.676896, 2.000000
0.322934, 0.451567, 0.292446, 0.807057, 2.000000
0.411101, 0.443668, 0.221023, 0.766375, 2.000000
0.525052, 0.593496, 0.083309, 0.716756, 2.000000
0.552633, 0.652961, 0.052082, 0.588950, 2.000000
0.451696, 0.642664, 0.077550, 0.453849, 2.000000
0.210408, 0.657220, 0.199578, 0.397174, 2.000000
0.000000, 0.859621, 0.238888, 0.351437, 2.000000
0.151144, 0.649014, 0.263361, 0.641270, 2.000000
0.252847, 0.526751, 0.256015, 0.750384, 2.000000
0.358833, 0.521718, 0.184406, 0.701824, 2.000000
0.443850, 0.620441, 0.092313, 0.667840, 2.000000
0.428935, 0.601702, 0.119000, 0.645853, 2.000000
0.331458, 0.576306, 0.189575, 0.642680, 2.000000
0.251758, 0.586297, 0.235751, 0.555325, 2.000000
0.343336, 0.483314, 0.344825, 0.781307, 2.000000
0.247842, 0.291831, 0.662446, 0.701941, 2.000000
0.142389, 0.321253, 0.676878, 0.698414, 2.000000
0.225119, 0.667749, 0.217517, 0.584950, 2.000000
0.426303, 0.584437, 0.169238, 0.651736, 2.000000
0.330716, 0.344868, 0.505719, 0.772136, 2.000000
0.184944, 0.027795, 0.963642, 0.501350, 2.000000
0.205259, 0.209215, 0.750219, 0.631632, 2.000000
0.264089, 0.488889, 0.336813, 0.842565, 2.000000
0.332129, 0.650174, 0.166692, 0.514053, 2.000000
0.451811, 0.520248, 0.226375, 0.745093, 2.000000
0.312528, 0.259928, 0.552265, 0.830926, 2.000000
0.179492, 0.044442, 0.892920, 0.641034, 2.000000
0.227354, 0.222300, 0.650781, 0.820461, 2.000000
0.326944, 0.506852, 0.291817, 0.887013, 2.000000
0.351694, 0.628415, 0.123760, 0.556853, 2.000000
0.371006, 0.646612, 0.150856, 0.427280, 2.000000
0.463093, 0.536275, 0.211094, 0.716874, 2.000000
0.375239, 0.279595, 0.471135, 0.795064, 2.000000
0.291493, 0.172743, 0.640261, 0.710878, 2.000000
0.369982, 0.284860, 0.469214, 0.821402, 2.000000
0.435360, 0.518544, 0.217111, 0.818815, 2.000000
0.444494, 0.637242, 0.069283, 0.477718, 2.000000
0.028204, 0.769569, 0.257270, 0.087246, 2.000000
0.324211, 0.631745, 0.191863, 0.501232, 2.000000
0.404157, 0.461786, 0.318802, 0.815522, 2.000000
0.330766, 0.177080, 0.609477, 0.698180, 2.000000
0.223626, 0.033448, 0.790307, 0.476072, 2.000000
0.354657, 0.257298, 0.468921, 0.734394, 2.000000
0.454237, 0.503058, 0.209286, 0.798473, 2.000000
0.502679, 0.655360, 0.032076, 0.390591, 2.000000
0.202554, 0.699342, 0.206517, 0.293470, 2.000000
0.337105, 0.499032, 0.300605, 0.738156, 2.000000
0.323757, 0.239875, 0.526056, 0.716522, 2.000000
0.284382, 0.123964, 0.614203, 0.564254, 2.000000
0.443070, 0.347502, 0.322528, 0.823400, 2.000000
0.548386, 0.552844, 0.129817, 0.776722, 2.000000
0.546731, 0.661093, 0.020225, 0.382480, 2.000000
0.125544, 0.791949, 0.228996, 0.104522, 2.000000
0.265871, 0.528687, 0.341758, 0.742859, 2.000000
0.306579, 0.301586, 0.484162, 0.819049, 2.000000
0.363729, 0.268138, 0.435587, 0.739096, 2.000000
0.518957, 0.519783, 0.155246, 0.831396, 2.000000
0.594949, 0.667828, 0.022513, 0.539686, 2.000000
0.529123, 0.698182, 0.005906, 0.210580, 2.000000
0.044523, 0.872010, 0.228701, 0.154260, 2.000000
0.219862, 0.613474, 0.254797, 0.671840, 2.000000
0.316084, 0.455283, 0.286506, 0.792242, 2.000000
0.406197, 0.435848, 0.223238, 0.759791, 2.000000
0.515791, 0.589238, 0.082680, 0.717933, 2.000000
0.545604, 0.651723, 0.052189, 0.596243, 2.000000
0.452456, 0.644830, 0.079505, 0.465606, 2.000000
0.221556, 0.653115, 0.201866, 0.412350, 2.000000
0.000411, 0.863104, 0.234865, 0.364494, 2.000000
0.151252, 0.638870, 0.273509, 0.645971, 2.000000
0.248707, 0.523964, 0.258414, 0.746974, 2.000000
0.351535, 0.520015, 0.182635, 0.698884, 2.000000
0.438555, 0.616261, 0.093200, 0.657965, 2.000000
0.429937, 0.597676, 0.116307, 0.661256, 2.000000
0.339975, 0.569181, 0.192343, 0.660320, 2.000000
0.239253, 0.586603, 0.226191, 0.549088, 2.000000
0.322329, 0.479597, 0.344343, 0.762142, 2.000000
0.224448, 0.287805, 0.662627, 0.685007, 2.000000
0.126041, 0.322803, 0.672854, 0.675605, 2.000000
0.226929, 0.666511, 0.214711, 0.578721, 2.000000
0.419539, 0.580796, 0.163956, 0.648326, 2.000000
0.317411, 0.350133, 0.485455, 0.764611, 2.000000
0.173673, 0.038249, 0.947841, 0.484774, 2.000000
0.198559, 0.221136, 0.737709, 0.604708, 2.000000
0.266556, 0.496477, 0.341133, 0.826105, 2.000000
0.427154, 0.640187, 0.169755, 0.599298, 2.000000
0.548175, 0.503755, 0.235603, 0.817874, 2.000000
0.399101, 0.241499, 0.567954, 0.889013, 2.000000
0.255003, 0.045142, 0.880811, 0.708879, 2.000000
0.295113, 0.205806, 0.669899, 0.883012, 2.000000
0.392243, 0.500813, 0.297504, 0.950972, 2.000000
0.416488, 0.620826, 0.123208, 0.605763, 2.000000
0.472297, 0.629889, 0.148642, 0.519581, 2.000000
0.555694, 0.513666, 0.219620, 0.798592, 2.000000
0.455864, 0.262484, 0.479329, 0.833983, 2.000000
0.363852, 0.159890, 0.644802, 0.765552, 2.000000
0.437650, 0.275262, 0.469068, 0.871137, 2.000000
0.506010, 0.508865, 0.222832, 0.888186, 2.000000
0.512344, 0.625010, 0.074931, 0.534157, 2.000000
0.109404, 0.752072, 0.266387, 0.174955, 2.000000
0.414498, 0.615408, 0.191494, 0.592478, 2.000000
0.490501, 0.448626, 0.319689, 0.890186, 2.000000
0.407106, 0.153540, 0.635462, 0.745563, 2.000000
0.293858, 0.018193, 0.808099, 0.538394, 2.000000
0.428474, 0.244055, 0.486786, 0.810820, 2.000000
0.524012, 0.495857, 0.210319, 0.886540, 2.000000
0.573031, 0.641500, 0.033920, 0.441156, 2.000000
0.301452, 0.684475, 0.202678, 0.389654, 2.000000
0.429714, 0.503677, 0.282922, 0.814817, 2.000000
0.394753, 0.244287, 0.510039, 0.765669, 2.000000
0.359677, 0.108708, 0.636642, 0.648918, 2.000000
0.524753, 0.346417, 0.319021, 0.908645, 2.000000
0.621848, 0.547890, 0.128042, 0.852207, 2.000000
0.619713, 0.657609, 0.016017, 0.436446, 2.000000
0.208713, 0.781883, 0.224124, 0.193768, 2.000000
0.344677, 0.511653, 0.348883, 0.821519, 2.000000
0.381787, 0.297481, 0.480582, 0.887476, 2.000000
0.438661, 0.264186, 0.442493, 0.807174, 2.000000
0.604836, 0.524196, 0.146794, 0.897824, 2.000000
0.668498, 0.668602, 0.020781, 0.585304, 2.000000
0.598497, 0.697714, 0.000000, 0.243151, 2.000000
0.119450, 0.856679, 0.209654, 0.239150, 2.000000
0.293036, 0.603098, 0.250405, 0.740743, 2.000000
0.393527, 0.434688, 0.301303, 0.859261, 2.000000
0.492051, 0.432907, 0.223607, 0.828574, 2.000000
0.602903, 0.586529, 0.085080, 0.783188, 2.000000
0.615256, 0.643670, 0.054072, 0.647617, 2.000000
0.516195, 0.635929, 0.079949, 0.518518, 2.000000
0.263195, 0.640961, 0.196698, 0.456905, 2.000000
0.063381, 0.841270, 0.218403, 0.446793, 2.000000
0.213710, 0.624778, 0.265206, 0.717815, 2.000000
0.321067, 0.500735, 0.267974, 0.816345, 2.000000
0.434885, 0.508246, 0.188689, 0.777545, 2.000000
0.512604, 0.608594, 0.101062, 0.720754, 2.000000
0.489991, 0.587842, 0.121326, 0.704058, 2.000000
0.394385, 0.555168, 0.197031, 0.701001, 2.000000
0.351578, 0.574989, 0.229660, 0.624694, 2.000000
0.423700, 0.462097, 0.353682, 0.837392, 2.000000
0.303096, 0.267285, 0.679389, 0.738979, 2.000000
0.182990, 0.297871, 0.696698, 0.729220, 2.000000
0.334040, 0.655439, 0.210393, 0.659492, 2.000000
0.537124, 0.565855, 0.165249, 0.726398, 2.000000
0.407690, 0.332868, 0.506753, 0.808350, 2.000000
0.237385, 0.011768, 0.985603, 0.524755, 2.000000
0.250842, 0.201701, 0.761587, 0.660675, 2.000000
0.324528, 0.490747, 0.343348, 0.885949, 2.000000
