660.976,304.225,1
636.213,306.174,1
662.753,307.565,1
657.487,307.74,1
635.273,308.157,1
640.484,309.592,1
660.523,309.613,1
658.759,312.594,1
674.821,315.093,1
649.17,316.174,1
631.858,316.908,1
673.506,317.648,1
637.439,318.289,1
644.003,320.565,1
622.679,320.843,1
655.504,320.916,1
626.318,321.78,1
633.245,322.492,1
678.36,323.472,1
637.081,323.619,1
653.079,324.434,1
639.035,324.523,1
680.978,324.669,1
644.647,325.905,1
652.268,326.389,1
665.755,327.567,1
675.27,327.608,1
631.213,327.95,1
643.6,328.542,1
668.535,329.06,1
658.985,329.159,1
651.423,329.337,1
646.127,329.862,1
683.672,330.534,1
666.442,331.637,1
682.478,331.858,1
640.783,333.145,1
649.948,333.168,1
663.551,333.265,1
624.463,333.342,1
645.513,334.213,1
632.527,334.935,1
639.959,335.242,1
670.422,336.607,1
647.217,340.107,1
685.94,340.389,1
620.777,341.34,1
618.936,341.409,1
679.985,341.547,1
627.324,341.603,1
639.416,342.035,1
622.928,342.459,1
662.056,342.529,1
676.484,342.75,1
642.366,345.063,1
639.621,345.609,1
630.04,346.568,1
646.7,346.681,1
625.209,346.771,1
650.768,347.282,1
672.056,347.548,1
629.259,347.766,1
654.751,347.881,1
656.628,348.501,1
660.134,348.671,1
667.984,349.415,1
642.738,349.951,1
652.024,349.986,1
671.291,350.525,1
637.791,350.903,1
649.556,351.032,1
654.517,352.398,1
659.838,353.262,1
648.966,356.048,1
669.789,357.397,1
665.373,359.929,1
624.855,360.424,1
662.42,360.72,1
626.761,363.811,1
667.14,364.033,1
637.609,364.503,1
648.763,364.824,1
638.583,365.65,1
666.254,366.738,1
653.469,370.728,1
650.43,371.572,1
661.43,372.276,1
153.879,308.064,2
178.29,308.199,2
166.838,308.485,2
153.41,309.122,2
153.636,309.867,2
148.658,310.898,2
170.83,311.777,2
181.997,312.281,2
151.534,315.214,2
158.234,316.942,2
156.903,318.774,2
131.505,318.993,2
171.829,319.959,2
188.385,321.231,2
175.094,321.902,2
149.332,322.096,2
132.401,322.735,2
150.449,322.89,2
172.762,324.576,2
178.86,324.684,2
129.898,326.107,2
140.855,327.583,2
167.174,328.263,2
163.921,328.34,2
145.897,328.558,2
180.488,328.618,2
125.823,328.684,2
154.945,329.416,2
188.031,330.014,2
174.682,330.318,2
162.439,330.402,2
128.484,330.468,2
156.03,330.695,2
187.152,331.229,2
168.092,331.83,2
129.107,332.022,2
129.6,333.61,2
158.713,334.341,2
169.774,334.662,2
191.52,334.977,2
133.87,335.02,2
160.971,335.471,2
185.668,335.604,2
200.468,335.644,2
164.317,335.97,2
142.494,336.65,2
197.979,337.757,2
192.739,338.016,2
123.22,338.794,2
132.062,338.832,2
184.485,339.211,2
162.725,339.915,2
136.333,340.328,2
167.759,340.476,2
188.627,340.491,2
166.321,342.129,2
159.853,342.331,2
193.875,342.382,2
152.072,342.404,2
197.029,342.743,2
132.796,343.359,2
176.53,343.547,2
179.363,343.574,2
178.037,343.672,2
152.655,345.182,2
165.121,345.513,2
162.034,345.997,2
125.206,346.962,2
171.972,349.879,2
191.181,349.959,2
161.773,350.404,2
168.823,350.884,2
127.327,350.908,2
182.901,351.725,2
183.617,352.579,2
175.568,353.932,2
156.466,354.278,2
159.181,354.447,2
184.109,355.875,2
144.133,356.156,2
163.283,357.159,2
174.195,357.187,2
185.038,359.301,2
146.451,359.416,2
142.978,361.95,2
134.443,361.955,2
194.452,363.123,2
144.727,363.41,2
172.193,364.859,2
142.127,365.116,2
186.492,366.136,2
163.71,366.165,2
154.581,366.177,2
141.478,367.346,2
139.807,367.959,2
147.813,369.185,2
138.191,369.528,2
156.592,370.709,2
138.571,371.407,2
176.65,371.485,2
157.497,371.658,2
183.168,372.223,2
170.311,372.819,2
181.366,373.854,2
151.856,375.167,2
165.883,375.174,2
177.629,375.408,2
155.613,377.032,2
152.479,377.285,2
155.358,377.929,2
179.727,378.364,2
147.366,379.114,2
162.91,380.567,2
337.718,305.692,3
338.624,306.106,3
329.298,307.033,3
322.76,307.044,3
342.994,310.67,3
351.887,311.603,3
333.539,311.89,3
333.868,312.928,3
319.884,313.587,3
335.147,314.891,3
321.18,315.663,3
325.111,316.065,3
328.436,316.801,3
356.246,320.109,3
357.739,321.053,3
341.53,321.295,3
309.119,321.986,3
367.37,322.193,3
314.309,322.429,3
324.706,322.709,3
315.665,323.192,3
350.748,323.821,3
366.213,324.547,3
369.885,325.104,3
345.193,326.957,3
323.167,328.544,3
352.146,328.862,3
353.396,329.17,3
319.294,329.545,3
332.038,329.567,3
334.586,329.567,3
355.725,329.737,3
364.513,330.463,3
376.024,330.619,3
371.565,331.405,3
345.661,333.121,3
342.261,333.749,3
320.544,334.019,3
370.213,334.867,3
371.977,335.02,3
336.719,335.237,3
359.632,336.229,3
330.693,336.872,3
303.768,337.46,3
344.49,338.303,3
323.992,338.852,3
343.402,339.059,3
334.993,339.566,3
318.342,340.531,3
311.678,340.689,3
307.329,340.702,3
373.097,340.763,3
354.668,341.4,3
368.188,341.876,3
342.46,342.193,3
295.095,342.319,3
349.378,342.593,3
331.047,343.179,3
304.788,343.217,3
306.04,344.25,3
371.168,345.096,3
300.119,345.111,3
357.02,345.129,3
318.411,345.202,3
310.511,345.281,3
312.171,345.928,3
338.189,348.672,3
312.98,349.579,3
361.789,349.989,3
328.638,350.035,3
301.754,350.545,3
336.078,350.882,3
340.122,351.188,3
349.132,351.455,3
361.162,352.626,3
316.539,353.64,3
327.318,353.692,3
316.021,354.83,3
368.832,354.848,3
362.763,354.907,3
338.883,358.015,3
326.846,358.512,3
365.499,359.163,3
341.805,361.755,3
309.967,361.84,3
337.131,362.059,3
330.765,363.646,3
308.677,364.606,3
304.473,365.008,3
309.395,365.09,3
314.833,365.398,3
308.096,366.369,3
346.037,366.652,3
339.705,367.928,3
317.885,368.544,3
340.258,369.252,3
343.329,369.994,3
347.617,370.365,3
315.049,372.453,3
351.49,372.812,3
321.703,372.978,3
327.576,373.535,3
313.86,374.769,3
358.554,376.035,3
345.291,376.266,3
322.171,376.74,3
331.361,377.574,3
349.633,380.861,3
326.059,381.239,3
321.474,383.121,3
465.741,40.127,4
482.456,41.754,4
477.011,43.279,4
476.6,45.718,4
488.985,46.419,4
490.389,46.649,4
459.989,48.062,4
451.672,48.477,4
447.604,51.804,4
456.12,52.193,4
447.401,52.68,4
489.694,53.469,4
489.323,53.989,4
474.738,54.167,4
468.284,54.237,4
487.319,54.287,4
478.584,54.568,4
517.589,55.822,4
490.101,56.147,4
516.314,56.174,4
453.824,56.455,4
464.638,57.017,4
445.339,57.294,4
507.47,57.687,4
480.505,59.468,4
454.31,59.578,4
446.989,60.668,4
520.495,60.697,4
457.219,61.058,4
501.55,61.489,4
508.426,61.924,4
447.115,62.044,4
442.165,62.166,4
498.974,62.522,4
463.971,62.675,4
519.726,64.114,4
467.813,64.479,4
509.907,64.625,4
515.12,66.087,4
485.224,67.012,4
452.837,67.247,4
502.674,67.575,4
523.466,67.773,4
488.187,67.923,4
504.803,68.302,4
466.572,68.819,4
461.595,69.35,4
473.674,69.556,4
431.04,69.589,4
456.452,70.104,4
450.642,70.156,4
500.674,70.16,4
494.982,70.178,4
512.411,71.274,4
461.568,72.37,4
504.405,73.147,4
449.195,73.234,4
524.047,73.32,4
444.002,73.804,4
503.446,73.822,4
490.326,74.669,4
444.186,74.773,4
443.042,75.007,4
476.081,75.411,4
443.575,75.477,4
516.205,77.533,4
484.653,78.147,4
455.329,78.197,4
459.305,78.72,4
495.572,78.745,4
425.956,78.906,4
526.738,80.445,4
528.601,80.789,4
493.7,81.478,4
470.216,82.183,4
471.17,82.281,4
477.29,82.318,4
536.043,82.472,4
529.99,82.646,4
441.622,82.712,4
482.255,82.785,4
488.474,83.054,4
474.061,83.219,4
531.936,83.234,4
513.167,84.628,4
494.467,84.637,4
535.227,85.103,4
529.089,85.565,4
456.32,85.624,4
518.369,85.695,4
511.716,85.906,4
492.166,86.233,4
448.946,86.545,4
432.501,87.168,4
525.191,87.662,4
497.048,88.247,4
525.932,88.422,4
437.223,89.016,4
429.847,89.107,4
521.958,89.828,4
517.274,90.571,4
537.606,91.828,4
436.353,91.968,4
506.119,92.784,4
527.511,93.643,4
424.294,97.509,4
441.896,97.95,4
436.16,99.51,4
434.226,100.897,4
444.57,101.574,4
428.855,108.992,4
438.753,110.45,4
429.191,112.407,4
437,112.594,4
438.797,115.729,4
421.602,117.717,4
439.119,119.693,4
437.638,120.246,4
445.168,121.036,4
423.173,123.604,4
426.709,125.924,4
428.665,126.795,4
419.133,127.199,4
435.422,127.915,4
445.818,130.619,4
441.056,131.792,4
449.75,132.161,4
436.787,132.524,4
423.113,133.675,4
439.334,133.911,4
423.694,134.56,4
420.737,134.844,4
433.38,135.975,4
427.845,139.381,4
455.69,139.93,4
433.728,140.543,4
427.535,140.842,4
440.13,142.847,4
422.181,143.794,4
432.792,143.799,4
425.758,144.367,4
469.419,144.455,4
435.55,145.395,4
431.419,145.755,4
451.224,145.775,4
440.408,146.542,4
431.209,147.043,4
440.541,147.443,4
429.476,147.655,4
457.738,147.949,4
462.197,148.753,4
458.784,148.79,4
435.104,150.564,4
481.596,150.747,4
470.742,151.028,4
475.537,151.384,4
486.403,152.427,4
479.218,153.336,4
442.739,153.699,4
468.571,154.661,4
487.203,155.054,4
491.499,155.056,4
469.035,155.808,4
492.554,156.945,4
493.331,157.034,4
450.257,157.572,4
430.442,157.874,4
486.966,158.69,4
431.691,161.683,4
475.063,162.051,4
505.503,162.45,4
453.361,162.676,4
485.405,162.724,4
450.017,162.982,4
467.237,163.015,4
444.988,163.518,4
446.606,163.869,4
504.016,164.453,4
483.317,164.96,4
460.405,165.011,4
454.607,165.491,4
448.598,166.01,4
490.836,166.186,4
474.385,166.211,4
452.446,166.814,4
448.289,168.177,4
485.908,168.301,4
460.684,168.549,4
473.044,169.3,4
463.544,169.773,4
441.254,169.819,4
478.121,170.152,4
472.289,170.258,4
456.744,170.562,4
506.497,171.391,4
458.455,171.723,4
480.952,172.104,4
471.724,172.447,4
462.369,172.691,4
462.699,176.173,4
499.357,177.083,4
497.729,179.01,4
476.852,179.141,4
482.757,180.824,4
497.288,116.862,5
504.684,118.564,5
500.45,118.781,5
512.501,118.822,5
515.358,119.685,5
506.057,119.873,5
551.669,119.94,5
513.607,120.024,5
542.261,121.323,5
503.533,123.134,5
538.449,123.666,5
506.288,123.926,5
532.535,124.963,5
535.374,124.987,5
536.336,125.359,5
541.956,125.614,5
504.129,126.134,5
499.386,126.144,5
498.238,126.197,5
510.951,126.254,5
523.702,126.337,5
492.24,127.167,5
533.889,127.493,5
516.126,127.973,5
494.99,128.921,5
556.017,129.036,5
532.113,131.972,5
534.042,133.423,5
509.416,134.11,5
535.72,134.304,5
514.408,135.016,5
493.319,135.26,5
520.422,137.28,5
527.298,137.36,5
524.935,138.144,5
521.854,138.206,5
550.427,140.703,5
510.183,142.282,5
548.844,142.901,5
516.698,142.955,5
528.705,144.861,5
575.8,145.081,5
528.51,145.594,5
525.507,146.165,5
549.351,147.794,5
528.385,149.093,5
574.776,149.666,5
564.062,150.091,5
569.252,150.45,5
580.529,152.58,5
555.511,152.813,5
543.797,153.217,5
523.439,153.221,5
577.096,153.561,5
557.155,153.821,5
540.728,154.218,5
567.029,155.564,5
535,155.746,5
554.604,156.498,5
553.231,157.644,5
565.622,159.177,5
552.675,160.487,5
551.34,161.382,5
552.228,161.539,5
565.391,162.42,5
551.871,163.963,5
561.421,166.072,5
549.795,166.147,5
563.976,166.47,5
557.805,167.451,5
559.049,168.661,5
550.489,169.343,5
563.571,171.008,5
565.895,174.816,5
578.552,176.176,5
558.492,176.966,5
558.076,183.121,5
572.341,183.795,5
548.741,185.141,5
571.997,185.255,5
571.288,186.591,5
568.308,189.231,5
554.133,189.464,5
568.75,190.522,5
574.234,191.904,5
560.184,192.29,5
554.855,194.481,5
545.792,198.292,5
573.339,199.37,5
560.626,201.339,5
484.479,201.808,5
544.398,202.037,5
546.15,202.697,5
544.523,203.247,5
557.549,203.253,5
496.092,204.783,5
545.515,205.062,5
552.079,205.232,5
556.428,205.593,5
480.224,206.366,5
554.335,206.42,5
569.615,206.821,5
549.936,207.559,5
476.785,207.988,5
540.551,208.51,5
570.595,208.906,5
501.173,209.049,5
471.001,209.154,5
553.659,209.159,5
484.712,209.501,5
474.655,209.547,5
570.022,209.903,5
497.611,211.97,5
537.191,211.979,5
476.159,213.082,5
529.146,213.374,5
530.331,213.716,5
560.98,214.079,5
562.351,214.13,5
564.375,214.272,5
487.013,214.471,5
487.71,214.871,5
458.4,214.958,5
520.077,215.482,5
547.348,216.15,5
514.639,216.942,5
568.922,217.769,5
537.99,217.917,5
466.888,218.478,5
533.306,218.951,5
464.185,218.974,5
547.947,218.987,5
543.334,219.389,5
475.069,220.2,5
496.267,220.2,5
537.621,221.068,5
548.078,221.696,5
479.44,221.889,5
526.415,221.976,5
469.176,222.122,5
493.109,222.595,5
504.879,223.245,5
472.424,223.374,5
508.167,224.352,5
501.681,224.604,5
498.585,224.761,5
491.164,225.738,5
558.66,226.102,5
518.744,226.107,5
485.69,226.433,5
505.801,227.197,5
517.547,227.273,5
532.845,227.692,5
511.198,229.151,5
505.328,229.27,5
477.532,230.323,5
559.487,230.512,5
534.237,231.182,5
555.919,231.33,5
496.519,231.653,5
545.041,233.072,5
539.702,233.506,5
484.317,233.798,5
546.902,233.832,5
517.963,234.854,5
484.92,235.709,5
531.058,235.723,5
530.053,235.845,5
473.185,235.903,5
503.429,236.263,5
518.412,236.544,5
490.594,237.163,5
528.082,237.987,5
506.602,239.498,5
530.871,239.966,5
489.75,242.396,5
551.065,242.547,5
495.831,242.586,5
482.31,243.418,5
519.888,244.016,5
524.336,245.015,5
485.006,245.823,5
489.089,246.34,5
502.585,246.657,5
507.542,247.408,5
528.185,247.661,5
538.825,248.077,5
508.916,248.813,5
512.989,248.855,5
523.074,250.801,5
534.594,252.169,5
540.102,252.257,5
519.289,252.735,5
522.247,253.701,5
520.838,254.256,5
541.399,254.555,5
524.593,254.965,5
517.344,255.757,5
94.842,135.204,6
109.321,138.094,6
71.813,138.206,6
320.843,138.228,6
61.427,138.457,6
142.07,138.726,6
50.861,138.893,6
140.837,139.146,6
194.828,139.209,6
203.609,139.329,6
49.89,139.351,6
168.274,139.703,6
200.698,139.846,6
90.066,139.88,6
188.524,139.94,6
125.125,139.991,6
37.458,140.053,6
249.584,140.167,6
258.339,140.262,6
53.696,140.333,6
306.48,140.395,6
47.454,140.403,6
230.524,140.512,6
201.416,140.704,6
304.199,140.746,6
246.043,140.806,6
219.616,140.885,6
225.11,140.915,6
95.795,141.152,6
67.96,141.335,6
296.662,141.432,6
270.289,141.447,6
326.361,141.649,6
62.999,141.875,6
172.605,141.876,6
315.501,142.003,6
316.762,142.555,6
216.062,142.694,6
328.929,142.844,6
32.099,143.035,6
227.643,143.225,6
126.689,144.081,6
238.139,144.096,6
70.308,144.133,6
246.255,144.218,6
107.021,144.256,6
312.559,144.434,6
75.993,144.485,6
189.235,144.589,6
219.131,144.7,6
97.647,144.72,6
146.461,144.838,6
190.41,144.839,6
57.351,144.958,6
268.271,144.971,6
133.514,145.516,6
307.888,145.591,6
115.795,145.864,6
174.845,146.047,6
159.347,146.43,6
301.09,146.564,6
58.445,146.64,6
331.061,146.707,6
239.572,146.801,6
109.938,146.879,6
289.436,146.915,6
304.081,146.92,6
257.549,146.929,6
27.887,146.941,6
157.097,147.095,6
262.925,147.195,6
217.515,147.199,6
292.568,147.238,6
259.314,147.327,6
63.973,147.393,6
193.748,147.43,6
294.172,147.603,6
148.916,147.787,6
40.381,148.068,6
60.351,148.181,6
228.218,148.267,6
207.832,148.335,6
298.229,148.537,6
245.657,148.563,6
181.293,148.633,6
196.535,148.652,6
256.303,148.66,6
56.551,148.808,6
225.579,148.841,6
281.54,148.927,6
110.273,148.951,6
121.658,148.967,6
236.113,149.196,6
161.89,149.204,6
261.679,149.472,6
223.041,149.482,6
176.219,149.932,6
22.172,150.049,6
156.89,150.131,6
253.999,150.452,6
39.912,150.513,6
59.9,150.54,6
180.844,150.826,6
277.317,150.914,6
232.394,151.075,6
205.088,151.435,6
90.808,151.571,6
154.971,151.627,6
192.115,151.814,6
99.609,151.894,6
113.923,152.089,6
24.271,152.193,6
330.341,152.564,6
143.626,152.655,6
247.596,152.793,6
93.42,153.068,6
72.448,153.101,6
145.683,153.144,6
152.194,153.153,6
280.463,153.158,6
66.712,153.17,6
76.828,153.21,6
273.534,153.242,6
126.953,153.559,6
252.93,154.284,6
117.094,154.336,6
210.203,154.483,6
191.668,154.569,6
251.432,154.587,6
202.124,154.646,6
19.034,154.732,6
162.761,154.815,6
286.909,154.986,6
89.297,155.491,6
127.743,155.523,6
83.227,155.623,6
120.241,155.652,6
79.75,156.732,6
174.166,156.988,6
211.441,157.206,6
164.988,157.222,6
184.554,157.526,6
95.504,157.555,6
165.92,157.885,6
243.305,157.964,6
274.408,158.305,6
144.545,158.753,6
84.786,158.792,6
73.251,159.11,6
276.99,159.135,6
149.609,159.203,6
171.963,159.266,6
330.64,159.323,6
240.497,159.38,6
251.23,159.384,6
178.892,159.417,6
177.496,159.542,6
266.97,159.699,6
101.082,159.803,6
209.678,159.871,6
185.582,159.981,6
169.867,160.045,6
220.62,160.152,6
277.894,160.226,6
23.197,160.374,6
86.835,161.038,6
175.183,161.289,6
328.328,161.379,6
288.797,161.383,6
66.93,161.463,6
295.836,161.686,6
65.527,161.731,6
275.188,161.732,6
74.236,161.736,6
215.083,161.737,6
147.042,161.861,6
310.583,161.993,6
87.458,162.044,6
294.989,162.163,6
31.56,162.172,6
299.158,162.312,6
160.061,162.919,6
83.795,163.025,6
19.915,163.184,6
279.12,163.332,6
20.411,163.543,6
269.677,163.544,6
30.176,163.656,6
248.384,163.702,6
224.269,164.092,6
112.369,164.192,6
103.293,164.521,6
105.712,164.575,6
55.529,164.776,6
300.213,164.849,6
183.048,165.25,6
36.666,165.398,6
41.62,165.417,6
168.941,165.506,6
313.889,165.633,6
314.564,165.723,6
278.524,165.991,6
39.332,166.041,6
100.396,166.044,6
77.896,166.356,6
102.608,166.439,6
305.676,166.653,6
272.427,166.829,6
319.508,166.976,6
130.608,166.997,6
161.047,167.032,6
213.04,167.189,6
123.855,167.463,6
284.233,167.729,6
85.372,167.791,6
166.915,167.804,6
119.7,167.848,6
235.718,168.427,6
133.021,168.507,6
24.745,168.548,6
254.791,168.611,6
181.949,168.674,6
194.43,168.704,6
101.668,168.905,6
104.872,169.065,6
173.335,169.134,6
68.68,169.236,6
118.06,169.279,6
77.167,169.545,6
26.532,169.671,6
251.972,170.086,6
32.81,170.112,6
234.843,170.407,6
96.634,170.521,6
324.884,170.819,6
66.539,170.91,6
273.787,171.163,6
82.642,171.22,6
265.086,171.24,6
230.897,171.483,6
106.233,171.58,6
139.788,171.6,6
217.068,171.64,6
114.928,171.689,6
108.138,171.709,6
112.928,171.78,6
199.887,171.887,6
182.587,172.145,6
69.475,172.23,6
309.285,172.272,6
307.254,172.284,6
46.272,172.561,6
195.63,172.617,6
233.965,172.782,6
153.13,172.988,6
282.677,173.005,6
18.067,173.055,6
283.147,173.368,6
178.034,173.382,6
58.823,173.444,6
302.004,173.47,6
131.722,173.659,6
38.006,173.67,6
189.678,173.883,6
80.212,173.904,6
286.007,174.036,6
186.873,174.213,6
327.86,174.334,6
293.698,174.443,6
207.339,174.492,6
323.582,174.63,6
103.201,174.763,6
24.943,175.09,6
38.696,175.224,6
176.647,175.237,6
183.559,175.462,6
104.347,175.611,6
132.259,175.665,6
67.553,175.725,6
185.129,175.734,6
190.988,175.787,6
158.27,175.847,6
250.355,175.979,6
73.792,175.984,6
112.797,176.117,6
137.028,176.21,6
244.466,176.288,6
163.388,176.343,6
35.236,176.364,6
308.914,176.455,6
142.814,176.485,6
148.332,176.609,6
329.534,176.617,6
88.706,176.685,6
260.121,176.7,6
118.736,176.804,6
175.481,176.817,6
256.751,176.849,6
42.662,176.909,6
28.355,177.212,6
65.886,177.319,6
55.027,177.406,6
150.243,177.473,6
210.645,177.815,6
167.605,177.919,6
108.602,178.091,6
322.717,178.234,6
177.36,178.535,6
331.754,178.868,6
72.114,179.025,6
27.104,179.199,6
237.357,179.362,6
173.638,179.555,6
137.962,179.734,6
64.779,180.357,6
206.37,180.453,6
303.585,180.629,6
212.71,180.665,6
316.479,180.696,6
247.264,180.768,6
45.317,181.056,6
322.878,181.177,6
240.801,181.178,6
21.409,181.389,6
44.414,181.393,6
198.941,181.503,6
326.889,181.568,6
52.622,181.916,6
30.773,182.051,6
318.323,182.643,6
94.303,182.798,6
29.242,182.931,6
321.85,182.94,6
195.157,182.953,6
33.045,182.992,6
135.319,182.999,6
153.696,183.013,6
205.884,183.193,6
44.019,183.254,6
33.585,183.373,6
283.707,183.686,6
36.257,183.698,6
271.821,185.621,6
234.864,244.592,7
287.437,244.7,7
216.497,244.797,7
260.292,244.799,7
205.094,245.336,7
274.302,245.444,7
296.97,246.026,7
242.848,246.187,7
217.482,246.361,7
214.916,246.544,7
266.91,247.372,7
299.132,247.988,7
282.77,248.761,7
191.475,248.979,7
250.737,248.985,7
291.683,249.094,7
221.889,249.484,7
221.515,249.913,7
168.784,250.097,7
358.137,250.268,7
248.197,250.671,7
215.53,250.902,7
376.398,251.574,7
256.128,251.643,7
145.695,252.222,7
167.272,252.347,7
377.884,252.614,7
336.336,252.815,7
235.478,252.983,7
276.248,253.026,7
321.801,253.264,7
164.143,253.348,7
276.824,253.898,7
183.845,254.069,7
142.206,254.367,7
151.415,254.811,7
164.9,255.039,7
322.522,255.481,7
172.022,255.744,7
329.826,256.269,7
216.782,256.393,7
233.173,256.487,7
341.166,256.49,7
199.059,256.774,7
176.248,256.856,7
246.211,257.004,7
304.116,257.178,7
261.033,257.946,7
168.283,257.95,7
241.386,257.955,7
238.388,258.167,7
166.854,258.216,7
261.802,258.219,7
328.027,258.385,7
267.79,258.546,7
210.807,258.753,7
335.855,258.797,7
240.766,258.826,7
268.65,258.927,7
132.612,258.952,7
133.285,258.973,7
195.841,259.09,7
120.182,259.236,7
195.446,259.275,7
195.223,259.303,7
286.976,259.335,7
370.524,259.581,7
247.657,259.677,7
340.544,259.696,7
223.795,259.78,7
259.062,259.847,7
358.721,259.912,7
295.301,259.998,7
181.985,260.158,7
309.232,260.38,7
280.259,260.382,7
143.269,260.419,7
367.715,261.151,7
257.052,261.209,7
359.908,261.221,7
333.562,261.296,7
306.803,261.514,7
361.204,261.708,7
354.164,261.749,7
124.82,261.864,7
347.83,261.914,7
368.397,262.058,7
288.914,262.231,7
276.933,262.471,7
235.676,262.61,7
153.31,262.628,7
151.888,262.644,7
262.705,262.756,7
253.724,263.118,7
369.972,263.249,7
138.854,263.312,7
202.992,263.397,7
255.164,263.433,7
179.044,263.445,7
226.697,263.483,7
269.569,264.229,7
176.638,264.276,7
188.112,264.32,7
119.521,264.342,7
131.309,264.388,7
108.035,264.541,7
348.729,264.691,7
206.131,264.749,7
267.293,264.964,7
241.117,265.01,7
310.351,265.14,7
250.162,265.481,7
362.335,265.582,7
358.437,265.584,7
285.917,265.773,7
155.432,265.779,7
141.203,265.822,7
217.099,265.994,7
261.649,266.026,7
181.108,266.237,7
105.735,266.323,7
112.038,266.481,7
397.022,266.483,7
321.053,266.501,7
153.756,266.591,7
175.147,267.035,7
236.075,267.568,7
365.962,267.834,7
350.352,267.841,7
314.474,267.889,7
386.85,268.208,7
161.21,268.239,7
401.392,268.271,7
346.266,268.386,7
348.104,268.693,7
271.358,269.107,7
294.125,269.208,7
184.243,269.275,7
234.124,269.3,7
347.027,269.484,7
162.837,269.797,7
220.961,269.839,7
364.302,270.024,7
331.139,270.079,7
116.118,270.099,7
116.917,270.293,7
229.713,270.555,7
229.983,270.753,7
238.567,270.766,7
274.811,270.851,7
185.068,270.968,7
284.224,270.97,7
354.042,271.24,7
205.727,271.55,7
323.592,271.776,7
345.636,271.783,7
184.201,271.984,7
328.682,272.08,7
316.09,272.295,7
189.263,272.365,7
385.32,272.6,7
347.378,272.672,7
107.208,272.741,7
159.461,272.871,7
365.041,272.918,7
231.64,272.95,7
299.952,273.015,7
412.013,273.039,7
332.842,273.049,7
111.92,273.059,7
146.538,273.415,7
307.841,273.426,7
372.834,273.842,7
193.835,273.965,7
392.026,274.041,7
222.816,274.215,7
144.324,274.262,7
242.165,274.344,7
302.042,274.351,7
362.578,274.592,7
231.177,274.619,7
278.387,274.685,7
233.675,274.728,7
103.443,275.113,7
184.803,275.142,7
393.87,275.359,7
400.79,275.553,7
221.329,275.558,7
298.289,275.669,7
374.334,275.758,7
144.611,275.853,7
332.076,275.981,7
268.136,276.218,7
326.374,276.345,7
292.513,276.386,7
297.682,277.079,7
113.75,277.192,7
147.492,277.268,7
331.537,277.279,7
377.427,277.387,7
235.603,277.481,7
243.231,277.59,7
239.251,277.642,7
294.783,277.717,7
302.474,277.981,7
282.085,277.982,7
196.392,278.01,7
177.292,278.063,7
345.278,278.078,7
109.286,278.229,7
356.119,278.468,7
357.73,278.505,7
423.625,278.606,7
136.73,278.689,7
78.93,278.739,7
432.592,278.896,7
259.719,278.912,7
286.788,278.92,7
322.884,278.954,7
211.168,279.157,7
179.18,279.618,7
268.326,279.856,7
171.561,280.03,7
138.141,280.041,7
208.478,280.366,7
186.663,280.399,7
164.522,280.68,7
59.41,280.906,7
348.208,281.281,7
273.862,281.305,7
239.767,281.313,7
223.403,281.412,7
143.917,281.565,7
191.103,281.635,7
295.399,281.74,7
425.464,281.741,7
137.137,281.848,7
188.508,282.094,7
154.368,282.101,7
366.112,282.204,7
241.73,282.281,7
207.249,282.409,7
342.771,282.611,7
108.523,282.87,7
134.019,282.918,7
73.189,283.025,7
313.93,283.078,7
94.959,283.585,7
194.718,283.682,7
193.331,283.738,7
194.154,283.746,7
66.523,283.799,7
179.837,284.052,7
87.172,284.134,7
402.773,284.218,7
95.734,284.532,7
329.706,284.713,7
421.923,284.761,7
66.209,284.821,7
147.831,285.022,7
352.346,285.392,7
418.201,285.682,7
410.708,285.972,7
407.996,286.008,7
97.786,286.274,7
105.21,286.344,7
142.503,286.624,7
394.864,286.816,7
397.475,286.913,7
406.111,287.297,7
369.137,287.411,7
128.558,287.806,7
396.145,287.85,7
319.44,287.986,7
159.764,288.052,7
345.851,288.391,7
125.152,288.588,7
61.673,288.598,7
78.621,288.802,7
130.534,288.951,7
133.453,289.02,7
52.622,289.037,7
386.608,289.194,7
378.179,289.508,7
432.953,289.514,7
111.583,289.604,7
122.856,289.844,7
96.347,289.895,7
401.966,290.358,7
148.248,290.486,7
399.667,290.504,7
355.627,290.567,7
373.491,290.722,7
156.122,290.744,7
404.151,290.877,7
43.668,291.399,7
352.804,291.482,7
62.382,291.554,7
364.163,291.906,7
102.177,292.04,7
106.176,292.456,7
423.479,292.576,7
434.548,292.794,7
109.868,292.862,7
414.844,292.891,7
411.84,293.004,7
413.243,293.071,7
57.86,293.158,7
100.433,293.333,7
60.88,293.369,7
72.174,293.497,7
431.476,293.868,7
390.64,293.958,7
375.155,294.645,7
453.706,295.165,7
92.286,295.358,7
453.35,295.523,7
409.412,296.241,7
119.815,296.545,7
109.014,297.536,7
388.662,297.954,7
443.069,298.013,7
389.945,298.199,7
58.091,298.559,7
34.687,298.645,7
50.432,299.391,7
376.1,299.845,7
43.395,300.136,7
81.753,300.599,7
408.577,300.765,7
394.307,300.814,7
397.963,301.312,7
84.687,301.617,7
22.648,301.845,7
389.74,301.868,7
30.152,302.263,7
71.044,302.361,7
95.351,302.391,7
89.502,302.506,7
69.746,302.796,7
411.323,303.126,7
407.588,303.313,7
36.368,303.323,7
461.43,303.426,7
439.555,303.691,7
414.359,303.901,7
47.073,304.217,7
63.546,304.552,7
44.926,305.39,7
51.622,306.263,7
433.531,306.699,7
57.161,306.967,7
430.586,307.041,7
403.957,307.223,7
58.693,307.798,7
86.84,307.898,7
403.135,307.952,7
54.973,308.618,7
52.016,308.647,7
62.335,308.819,7
401.52,309.01,7
38.483,309.053,7
420.457,309.085,7
456.877,309.287,7
456.952,309.309,7
51.381,309.339,7
457.56,309.871,7
436.883,310.057,7
21.981,310.181,7
21.398,310.923,7
35.471,311.366,7
432.437,311.366,7
21.128,311.598,7
423.895,311.641,7
438.943,311.816,7
64.802,311.944,7
442.157,311.945,7
452.978,312.366,7
79.41,312.385,7
447.133,312.509,7
19.871,312.744,7
441.051,313.418,7
50.113,313.644,7
459.358,313.731,7
58.391,314.439,7
416.987,314.997,7
444.98,315.303,7
427.267,315.886,7
25.722,315.903,7
36.154,316.095,7
28.931,316.146,7
449.315,316.324,7
18.401,316.506,7
419.095,316.961,7
39.297,317.421,7
466.399,317.743,7
421.674,319.72,7
435.218,321.225,7
54.469,321.346,7
476.266,321.411,7
421.076,321.448,7
54.068,321.808,7
37.482,321.958,7
61.027,322.163,7
47.348,322.24,7
435.536,322.356,7
52.415,322.429,7
424.367,323.119,7
28.518,323.886,7
40.202,324.015,7
430.045,324.215,7
47.988,324.866,7
34.948,325.1,7
33.205,325.15,7
458.212,325.358,7
25.605,325.391,7
456.158,326.245,7
467.677,326.964,7
47.826,327.783,7
438.462,328.804,7
429.271,329.775,7
478.2,329.863,7
37.153,330.001,7
23.087,331.747,7
462.812,333.131,7
450.655,334.172,7
7.798,335.318,7
19.35,335.468,7
464.485,335.525,7
12.362,336.383,7
435.936,336.962,7
474.028,337.023,7
26.63,338.016,7
43.022,338.1,7
481.873,338.631,7
8.743,338.975,7
41.099,339.342,7
475.227,339.598,7
18.12,339.686,7
16.05,340.187,7
440.528,341.442,7
45.626,342.268,7
464.897,343.644,7
465.009,343.714,7
24.172,343.841,7
13.156,344.062,7
16.346,344.69,7
461.818,344.828,7
441.551,345.23,7
49.718,345.273,7
10.583,345.6,7
434.374,345.867,7
41.708,347.081,7
435.825,347.081,7
433.06,348.892,7
473.169,349.682,7
29.856,350.191,7
35.786,350.472,7
450.58,350.598,7
431.13,350.641,7
32.469,350.818,7
447.728,352.005,7
46.813,352.385,7
446.941,352.849,7
452.782,353.004,7
446.78,353.006,7
467.267,353.183,7
479.124,353.347,7
55.947,353.436,7
14.524,353.603,7
40.931,354.262,7
24.811,355.822,7
429.494,355.828,7
443.649,356.951,7
36.016,357.015,7
444.773,357.025,7
476.866,358.237,7
18.972,358.39,7
447.278,359.067,7
440.322,359.597,7
445.592,359.608,7
27.594,360.195,7
427.076,360.605,7
460.865,360.605,7
62.738,361.133,7
448.514,361.48,7
472.407,362.644,7
30.845,362.74,7
442.663,363.271,7
11.956,364.116,7
474.53,364.429,7
471.83,366.58,7
425.996,367.085,7
450.208,367.423,7
463.023,367.791,7
422.702,368.899,7
39.715,368.951,7
459.782,369.416,7
63.116,369.837,7
465.469,369.922,7
468.761,370.088,7
75.864,370.152,7
424.841,370.183,7
56.519,370.269,7
17.142,370.489,7
449.539,370.556,7
53.734,371.545,7
455.02,371.707,7
451.784,372.544,7
463.597,372.888,7
470.532,373.245,7
53.113,373.63,7
75.981,373.892,7
26.442,375.309,7
446.385,375.791,7
420.762,375.909,7
405.21,376.181,7
444.529,376.501,7
49.221,376.644,7
458.636,376.864,7
446.2,376.875,7
72.552,377.098,7
27.995,377.312,7
37.978,377.388,7
68.11,377.472,7
444.084,377.758,7
431.754,378.545,7
437.278,378.593,7
45.921,378.705,7
438.268,378.901,7
433.499,379.803,7
457.91,379.863,7
85.698,380.122,7
70.221,380.266,7
91.282,381.058,7
81.266,381.555,7
392.807,381.579,7
399.774,381.619,7
396.336,382.252,7
55.135,382.346,7
59.946,382.474,7
398.408,383.121,7
48.354,383.203,7
98.302,383.25,7
98.906,383.296,7
94.322,383.477,7
449.901,383.51,7
426.936,383.646,7
32.217,383.8,7
71.897,384.142,7
35.171,384.492,7
437.593,384.646,7
418.134,384.903,7
439.894,385.014,7
66.915,385.652,7
435.048,385.943,7
452.215,385.959,7
395.719,386.118,7
74.33,386.576,7
65.754,386.654,7
74.614,386.659,7
381.522,386.891,7
386.21,386.943,7
382.863,386.952,7
29.363,386.997,7
33.847,387.077,7
103.896,387.175,7
77.671,387.262,7
427.456,388.137,7
92.832,388.358,7
101.558,388.536,7
380.181,389.217,7
52.869,389.467,7
436.547,389.647,7
395.41,390.354,7
436.104,390.371,7
368.282,390.461,7
67.756,390.925,7
435.992,391.306,7
433.946,391.346,7
437.983,392.456,7
67.603,392.698,7
43.805,392.703,7
387.72,392.743,7
75.721,392.82,7
91.755,392.94,7
84.958,392.993,7
350.834,393.015,7
412.508,393.212,7
448.146,393.502,7
94.032,393.635,7
421.458,393.757,7
399.452,393.855,7
85.894,394.246,7
76.829,394.409,7
420.05,394.812,7
31.469,394.823,7
48.814,394.997,7
88.208,395.247,7
377.197,395.342,7
99.782,395.363,7
114.505,395.536,7
131.893,395.601,7
424.151,396.003,7
428.045,396.207,7
64.925,396.343,7
382.259,396.419,7
400.564,396.719,7
338.582,397.027,7
420.547,397.059,7
113.269,397.283,7
111.269,397.428,7
361.969,397.622,7
380.704,397.84,7
118.64,397.862,7
65.474,397.864,7
149.382,398.016,7
357.426,398.042,7
83.199,398.172,7
351.375,398.205,7
383.83,398.269,7
409.073,398.274,7
116.504,398.588,7
410.204,399.163,7
110.656,399.239,7
319.2,399.345,7
375.708,399.624,7
115.02,399.69,7
79.99,399.942,7
60.61,399.962,7
117.998,400.035,7
165.375,400.069,7
64.08,400.093,7
111.713,400.172,7
406.533,400.324,7
156.759,400.334,7
64.368,400.932,7
389.044,400.936,7
324.707,401.197,7
53.383,401.396,7
384.84,401.565,7
172.728,401.743,7
157.021,401.853,7
343.209,401.875,7
388.29,402.187,7
135.45,402.325,7
407.202,402.33,7
78.412,402.465,7
296.567,402.621,7
117.548,402.827,7
276.546,403.014,7
119.355,403.016,7
427.567,403.036,7
237.441,403.141,7
171.03,403.242,7
94.776,403.431,7
400.29,403.583,7
364.009,403.632,7
216.281,403.738,7
69.344,403.834,7
394.043,403.837,7
228.186,404.266,7
127.521,404.302,7
291.202,404.565,7
390.223,404.643,7
183.113,404.72,7
263.353,404.726,7
300.303,404.822,7
123.494,404.996,7
335.635,405.027,7
343.935,405.111,7
92.976,405.224,7
305.999,405.251,7
390.917,405.78,7
302.855,405.923,7
87.612,405.967,7
303.317,405.982,7
167.863,406.165,7
120.956,406.173,7
305.291,406.215,7
270.593,406.391,7
169.89,406.627,7
126.54,406.846,7
153.452,406.889,7
195.68,407.109,7
89.24,407.149,7
305.034,407.174,7
63.834,407.371,7
301.158,407.389,7
304.714,407.514,7
405.399,407.597,7
208.884,407.714,7
232.737,408.015,7
275.488,408.147,7
287.802,408.291,7
318.68,408.54,7
228.677,408.656,7
135.582,408.736,7
191.883,408.816,7
255.725,408.868,7
73.7,408.875,7
82.104,408.895,7
130.995,408.988,7
209.892,409.092,7
227.285,409.217,7
70.635,409.332,7
266.255,409.427,7
135.223,409.595,7
160.665,409.705,7
320.522,409.815,7
90.167,410.206,7
213.1,410.277,7
138.504,410.321,7
281.102,410.354,7
284.847,410.361,7
226.241,410.568,7
107.758,410.612,7
178.291,410.675,7
209.163,410.84,7
158.839,410.947,7
351.67,410.951,7
363.075,411.015,7
415.817,411.583,7
229.033,411.662,7
336.566,411.77,7
285.446,411.998,7
260.778,412.067,7
327.692,412.193,7
341.677,412.277,7
257.165,412.331,7
102.502,412.379,7
380.025,412.558,7
279.12,412.833,7
152.226,412.855,7
403.768,412.856,7
257.718,412.965,7
367.371,413.262,7
283.121,413.349,7
169.409,413.67,7
190.529,413.784,7
190.273,413.899,7
271.932,414.035,7
95.789,414.043,7
197.375,414.109,7
109.047,414.293,7
381.669,414.33,7
315.492,414.358,7
197.753,414.381,7
221.842,414.473,7
253.467,414.664,7
139.782,415.115,7
129.748,415.173,7
383.414,415.2,7
197.434,415.202,7
269.046,415.209,7
124.115,415.262,7
80.432,415.289,7
190.811,415.4,7
220.093,415.472,7
237.711,415.537,7
264.897,415.572,7
407.023,415.673,7
295.996,415.991,7
97.247,416.01,7
315.275,416.778,7
151.172,417.074,7
118.479,417.095,7
188.836,417.103,7
281.86,417.163,7
199.862,417.181,7
295.567,417.203,7
207.787,417.346,7
188.622,417.373,7
353.395,417.424,7
258.27,417.529,7
106.041,417.726,7
308.96,417.742,7
211.704,417.878,7
173.589,417.888,7
104.555,418.093,7
335.207,418.16,7
112.874,418.188,7
354.632,418.37,7
125.739,418.416,7
234.507,418.468,7
310.619,418.775,7
387.325,418.898,7
325.105,419.289,7
382.581,419.315,7
271.513,419.377,7
212.78,419.444,7
377.046,419.455,7
140.49,419.932,7
218.959,420.131,7
317.028,420.228,7
254.704,420.249,7
309.1,420.443,7
173.306,420.526,7
92.599,420.669,7
337.386,421.004,7
134.898,421.141,7
314.054,421.248,7
154.881,421.634,7
349.701,421.652,7
201.895,421.718,7
166.255,421.931,7
378.984,422.004,7
371.817,422.008,7
99.406,422.288,7
196.673,422.573,7
330.035,422.856,7
316.572,423.484,7
118.361,423.503,7
175.443,423.556,7
283.699,423.558,7
279.992,423.596,7
212.343,423.602,7
185.609,423.917,7
366.829,424.024,7
129.466,424.13,7
218.038,424.521,7
363.769,424.607,7
338.379,424.652,7
176.376,424.839,7
271.134,424.855,7
120.665,425.106,7
311.792,425.296,7
97.952,425.347,7
297.329,425.654,7
313,425.869,7
340.875,426.126,7
245.642,426.362,7
319.669,426.467,7
126.147,426.478,7
293.242,426.633,7
375.438,426.635,7
175.931,426.949,7
170.395,427.14,7
281.535,427.357,7
207.034,427.407,7
137.681,427.607,7
152.751,427.649,7
150.81,427.675,7
114.123,427.772,7
200.928,427.941,7
200.511,427.955,7
287.307,428.207,7
210.663,428.231,7
128.275,428.488,7
175.522,428.597,7
186.077,429.118,7
179.995,429.387,7
321.488,429.445,7
163.642,429.528,7
205.247,429.563,7
171.426,429.853,7
177.699,430.005,7
198.463,430.006,7
158.042,430.115,7
312.424,430.181,7
251.255,430.57,7
344.933,431.301,7
277.793,431.339,7
317.931,431.572,7
134.386,431.874,7
262.219,432.229,7
173.95,432.248,7
337.756,432.272,7
157.268,432.455,7
325.985,432.681,7
309.701,432.849,7
149.632,433.107,7
219.665,434.107,7
150.417,434.508,7
264.571,434.546,7
160.359,434.736,7
272.937,434.785,7
270.371,434.949,7
322.39,435.133,7
289.899,435.177,7
225.679,435.41,7
303.837,435.479,7
206.045,436.023,7
188.361,436.104,7
169.052,436.336,7
325.641,436.469,7
265.566,436.524,7
230.877,436.569,7
264.409,436.615,7
171.919,436.719,7
293.566,436.723,7
193.055,436.953,7
213.511,437.019,7
192.08,437.213,7
183.244,437.523,7
228.015,438.665,7
288.79,438.928,7
258.736,439.333,7
297.477,439.6,7
203.887,440.687,7
298.536,440.791,7
243.962,440.814,7
238.526,441.593,7
251.937,442.055,7
200.09,442.546,7
272.275,445.758,7
216.038,64.569,8
259.969,68.072,8
226.852,68.191,8
126.801,68.228,8
190.483,68.481,8
47.035,68.538,8
309.29,68.687,8
231.062,68.763,8
133.637,68.782,8
121.143,68.878,8
54.094,68.93,8
113.246,69.092,8
217.701,69.131,8
264.302,69.184,8
116.821,69.283,8
251.889,69.384,8
284.77,69.565,8
32.783,69.609,8
90.353,69.805,8
115.059,70.588,8
293.519,70.663,8
242.242,70.84,8
81.168,70.878,8
21.727,71.013,8
275.25,71.139,8
233.191,71.16,8
152.262,71.197,8
253.069,71.225,8
327.389,71.249,8
121.669,71.339,8
145.722,71.481,8
278.585,71.559,8
320.408,71.723,8
188.685,71.897,8
48.953,71.91,8
201.272,72.19,8
132.484,72.435,8
298.292,72.518,8
281.398,72.732,8
58.985,72.888,8
311.518,72.891,8
162.008,73.114,8
130.284,73.427,8
146.881,73.517,8
170.891,73.995,8
206.398,74.276,8
40.033,74.325,8
269.955,74.645,8
174.767,74.719,8
214.988,74.723,8
324.542,75.255,8
150.483,75.369,8
129.035,75.443,8
155.305,75.505,8
211.502,75.519,8
50.613,75.772,8
102.179,75.819,8
73.408,75.876,8
29.382,76.012,8
65.628,76.131,8
24.719,76.158,8
151.859,76.227,8
64.69,76.368,8
305.816,76.428,8
195.407,76.619,8
17.618,76.707,8
54.673,76.753,8
60.474,76.761,8
318.516,76.837,8
321.917,76.855,8
35.155,77.012,8
247.068,77.082,8
253.91,77.438,8
331.232,77.468,8
142.261,77.667,8
184.225,77.736,8
55.245,77.925,8
22.438,77.946,8
220.875,78.13,8
300.542,78.151,8
199.753,78.471,8
113.973,78.928,8
50.868,78.939,8
276.967,78.989,8
90.211,79.071,8
187.05,79.109,8
68.587,79.172,8
89.968,79.221,8
255.24,79.41,8
109.145,79.592,8
164.547,79.603,8
317.82,80.373,8
23.927,80.504,8
183.279,80.504,8
289.186,80.511,8
28.05,80.915,8
250.365,81.036,8
178.396,81.042,8
28.819,81.143,8
323.43,81.213,8
77.37,81.326,8
283.176,81.482,8
247.943,81.576,8
38.135,81.592,8
105.994,81.689,8
79.447,81.78,8
100.859,81.948,8
173.988,82.143,8
89.099,82.281,8
214.795,82.535,8
284.032,83.041,8
219.699,83.054,8
248.964,83.423,8
107.399,83.517,8
140.64,83.611,8
329.821,83.693,8
130.003,83.758,8
172.473,83.817,8
254.236,84.097,8
313.376,84.138,8
203.77,84.203,8
125.307,84.468,8
45.832,84.49,8
75.458,84.596,8
112.016,84.655,8
41.348,84.674,8
51.149,85.005,8
315.754,85.203,8
267.122,85.436,8
297.382,85.729,8
231.815,86.061,8
307.544,86.256,8
176.354,86.404,8
284.96,86.528,8
67.625,86.571,8
139.114,86.722,8
234.676,86.8,8
100.566,87.184,8
290.86,87.39,8
65.152,87.445,8
140.329,87.487,8
91.613,87.869,8
125.958,88.053,8
301.209,88.087,8
96.868,88.464,8
170.37,88.633,8
158.962,88.723,8
137.036,88.84,8
71.383,88.961,8
228.559,89.153,8
26.029,89.203,8
214.032,89.258,8
285.57,89.352,8
59.543,89.465,8
138.531,89.481,8
205.344,89.501,8
92.804,89.609,8
160.633,90.148,8
70.26,90.168,8
21.191,90.175,8
216.693,90.176,8
209.759,90.274,8
302.575,90.312,8
143.856,90.406,8
67.907,90.611,8
276.088,90.629,8
88.006,90.715,8
299.906,91.006,8
171.044,91.052,8
331.807,91.092,8
119.989,91.217,8
176.423,91.278,8
149.279,91.325,8
167.107,91.329,8
143.313,91.353,8
174.943,91.396,8
185.274,91.51,8
213.281,91.533,8
84.65,91.606,8
81.736,91.847,8
271.966,92.033,8
108.697,92.295,8
319.142,92.307,8
282.125,92.573,8
289.827,92.748,8
224.473,92.762,8
123.146,92.857,8
182.346,93.09,8
180.999,93.371,8
319.819,93.381,8
314.32,93.69,8
245.298,93.733,8
325.169,93.746,8
147.988,93.752,8
305.636,93.766,8
326.576,93.977,8
142.553,94.007,8
279.95,94.095,8
34.828,94.239,8
229.302,94.68,8
269.226,94.857,8
280.481,94.905,8
304.076,95.292,8
310.945,95.436,8
270.629,95.601,8
99.083,95.623,8
172.993,95.744,8
192.915,95.776,8
128.415,95.79,8
295.165,96.015,8
32.332,96.076,8
287.144,96.099,8
45.044,96.237,8
262.497,96.386,8
236.939,96.547,8
18.619,96.615,8
30.025,97.059,8
292.227,97.319,8
151.36,97.467,8
218.971,97.701,8
83.275,97.813,8
204.796,97.934,8
67.156,98.011,8
218.354,98.038,8
238.965,98.246,8
260.378,98.251,8
163.495,98.358,8
175.281,98.624,8
80.47,99.037,8
127.306,99.195,8
103.745,99.497,8
243.78,99.689,8
268.029,99.763,8
267.519,99.886,8
118.059,100.328,8
325.927,100.549,8
73.978,100.794,8
207.397,100.795,8
159.43,101.157,8
168.411,101.163,8
237.872,101.487,8
165.358,101.519,8
237.318,101.524,8
328.292,101.575,8
240.2,101.601,8
272.841,101.612,8
165.878,101.694,8
261.697,101.72,8
61.133,101.851,8
31.865,101.905,8
236.33,102.284,8
102.728,102.351,8
71.598,102.415,8
159.945,102.417,8
302.044,102.431,8
62.701,102.641,8
98.283,102.789,8
161.741,102.86,8
38.412,102.886,8
134.135,102.904,8
259.747,102.947,8
273.514,102.993,8
88.192,103.002,8
233.505,103.258,8
187.762,103.601,8
321.573,103.626,8
93.934,103.76,8
193.371,103.796,8
135.355,104.132,8
36.662,104.369,8
314.72,104.4,8
39.133,104.498,8
301.723,105.178,8
207.05,105.296,8
316.657,105.436,8
95.38,105.52,8
122.636,105.828,8
208.624,105.845,8
74.73,105.853,8
241.581,106.008,8
92.035,106.078,8
197.053,106.129,8
330.499,106.441,8
221.783,106.579,8
235.862,106.819,8
126.396,107.061,8
299.646,107.462,8
291.655,108.077,8
162.565,108.361,8
317.621,108.413,8
259.006,108.686,8
232.675,108.73,8
107.594,109.229,8
246.555,109.607,8
107.186,109.662,8
291.912,109.756,8
14.943,109.986,8
263.578,110.154,8
124.427,110.471,8
182.642,110.55,8
69.485,110.585,8
243.13,110.616,8
42.772,110.768,8
124.332,110.81,8
226.114,110.826,8
141.028,110.828,8
57.366,110.88,8
37.275,111.523,8
110.56,111.854,8
312.287,111.995,8
117.429,112.038,8
152.64,112.135,8
33.276,112.226,8
20.122,112.335,8
156.552,112.412,8
44.408,112.495,8
196.111,112.736,8
224.993,112.877,8
56.858,113.207,8
199.195,113.672,8
279.222,113.841,8
99.84,113.858,8
144.907,113.889,8
257.113,113.893,8
216.907,114.343,8
151.554,114.535,8
157.445,116.146,8
271.068,116.208,8
638.429,69.833,9
646.873,70.219,9
642.615,70.236,9
637.159,73.381,9
646.356,76.271,9
628.895,77.097,9
653.458,77.615,9
648.93,79.587,9
628.01,79.848,9
633.666,80.951,9
635.234,81.065,9
630.515,81.439,9
633.983,81.757,9
651.337,82.528,9
633.844,84.471,9
644.083,85.89,9
628.277,87.093,9
650.184,87.129,9
642.5,87.839,9
619.365,89.899,9
641.343,90.272,9
631.953,90.276,9
645.859,90.376,9
652.053,90.481,9
635.287,92.205,9
650.558,92.824,9
629.853,94.01,9
660.985,94.011,9
616.468,94.085,9
659.341,96.81,9
655.865,99.736,9
658.268,100.376,9
643.042,102.249,9
616.289,102.478,9
648.069,102.873,9
645.295,105.293,9
629.751,106.066,9
647.14,108.757,9
656.369,110.216,9
639.052,110.412,9
637.992,112.942,9
626.31,113.467,9
613.896,117.119,9
626.995,117.563,9
649.304,117.694,9
628.444,118.015,9
660.578,118.683,9
624.272,120.167,9
647.534,121.18,9
652.477,121.476,9
623.795,121.7,9
646.952,121.884,9
615.776,123.529,9
650.71,123.953,9
631.923,124.434,9
658.523,125.339,9
625.508,125.495,9
640.05,125.601,9
617.471,127.921,9
627.604,129.176,9
636.495,129.319,9
625.735,129.76,9
634.514,130.263,9
622.163,130.69,9
649.648,131.033,9
618.195,132.638,9
610.536,132.741,9
634.382,133.032,9
612.218,134.758,9
619.071,135.846,9
662.65,136.899,9
658.723,138.197,9
651.528,138.403,9
661.357,140.724,9
644.799,141.261,9
636.913,141.899,9
639.199,142.088,9
643.383,143.582,9
628.99,145.241,9
658.936,145.456,9
625.444,145.547,9
659.866,145.636,9
630.689,145.696,9
639.847,146.073,9
615.64,148.389,9
629.251,148.398,9
650.806,149.221,9
656.952,150.523,9
604.735,150.861,9
626.521,150.995,9
617.633,151.196,9
647.191,152.708,9
646.492,152.897,9
619.496,154.315,9
627.27,154.611,9
639.284,155.42,9
622.555,155.503,9
625.851,156.341,9
643.606,156.761,9
609.945,158.653,9
602.53,160.501,9
657.65,160.602,9
635.719,161.542,9
622.699,162.277,9
637.024,162.813,9
639.967,162.975,9
639.365,163.731,9
620.534,164.019,9
630.962,164.268,9
621.702,164.641,9
620.159,165.072,9
662.146,165.24,9
650.876,165.404,9
648.855,167.315,9
624.875,168.281,9
654.176,168.852,9
631.85,168.909,9
611.298,168.946,9
602.919,169.31,9
650.435,169.443,9
619.291,169.777,9
615.414,170.371,9
616.396,170.894,9
644.034,172.01,9
642.844,172.614,9
649.544,172.643,9
657.885,173.242,9
651.132,174.202,9
643.42,175.624,9
642.241,176.611,9
632.65,178.971,9
628.554,179.042,9
618.682,179.581,9
656.563,179.591,9
641.56,181.521,9
636.046,181.612,9
653.977,182.634,9
639.708,183.47,9
638.731,183.472,9
601.317,184.681,9
623.263,184.972,9
620.703,185.233,9
612.437,185.931,9
610.704,186.45,9
615.151,186.791,9
602.679,187.337,9
607.416,188.377,9
647.937,189.06,9
657.491,189.694,9
638.975,191.449,9
651.958,192.903,9
604.409,193.249,9
632.028,194.416,9
601.576,194.947,9
640.128,195.589,9
609.228,195.754,9
624.375,196.041,9
645.81,196.052,9
613.66,196.166,9
625.616,196.519,9
646.799,197.472,9
633.093,198.324,9
614.3,198.526,9
613.055,198.557,9
608.58,199.304,9
635.52,199.74,9
601.033,200.945,9
652.831,202.27,9
609.127,204.111,9
605.49,204.686,9
611.829,204.873,9
619.031,205.036,9
614.423,205.113,9
657.772,205.355,9
657.381,206.686,9
631.138,206.869,9
623.037,207.234,9
612.316,209.244,9
631.43,210.478,9
607.942,210.84,9
605.976,211.04,9
618.437,212.16,9
634.796,212.666,9
610.961,213.425,9
610.153,215.188,9
633.422,218.453,9
608.146,219.188,9
633.557,219.878,9
604.556,220.79,9
623.087,221.653,9
613.606,222.104,9
615.063,222.315,9
627.911,223.012,9
604.254,223.408,9
607.289,224.486,9
644.213,224.599,9
598.838,224.764,9
608.264,225.201,9
623.982,225.693,9
617.815,225.705,9
609.06,226.166,9
598.718,226.987,9
654.422,231.377,9
625.301,232.053,9
639.147,233.532,9
643.697,233.82,9
631.229,234.764,9
644.494,235.512,9
636.19,236.904,9
613.143,237.416,9
648.744,239.676,9
617.003,239.865,9
621.991,241.452,9
595.235,241.921,9
614.255,242.22,9
625.158,242.82,9
615.254,243.125,9
656.057,243.157,9
602.706,243.216,9
642.662,245.097,9
626.823,247.105,9
642.879,248.146,9
608.849,248.307,9
597.123,251.997,9
627.196,252.452,9
590.237,253.125,9
606.155,253.36,9
626.671,254.995,9
631.705,255.064,9
611.046,256.673,9
607.867,257.979,9
612.879,258.661,9
620.419,259.859,9
600.872,260.058,9
640.509,260.983,9
632.566,261.732,9
632.969,261.954,9
637.637,262.346,9
600.762,262.49,9
609.641,262.757,9
598.192,262.925,9
633.248,263.68,9
613.565,264.571,9
596.028,264.929,9
605.868,266.005,9
606.284,266.339,9
630.267,266.767,9
590.664,267.344,9
634.972,268.941,9
629.951,269.953,9
566.779,270.141,9
624.628,270.96,9
592.434,271.299,9
563.985,272.66,9
582.921,272.69,9
558.108,272.722,9
576.439,273.065,9
617.069,273.229,9
606.928,273.56,9
592.685,274.15,9
604.825,274.538,9
550.221,276.31,9
631.365,277.22,9
618.024,277.472,9
609.564,277.599,9
551.227,277.835,9
561.011,278.402,9
610.315,279.406,9
630.816,279.596,9
586.251,279.724,9
615.035,280.036,9
544.102,280.259,9
596.122,280.357,9
551.038,280.461,9
627.389,280.766,9
629.581,280.84,9
583.927,280.909,9
567.411,281.058,9
563.615,281.11,9
535.18,281.514,9
588.253,281.569,9
601.208,281.781,9
628.756,281.994,9
566.374,282.239,9
553.029,282.259,9
554.812,282.421,9
591.563,282.493,9
538.109,282.559,9
614.086,282.568,9
619.945,283.01,9
550.033,283.092,9
598.961,284.439,9
598.586,284.883,9
599.292,285.253,9
603.992,287.038,9
589.273,287.346,9
537.23,287.784,9
611.121,288.272,9
584.461,288.812,9
550.336,288.853,9
545.758,289.376,9
586.055,289.412,9
562.703,289.468,9
585.755,290.904,9
574.252,290.973,9
582.679,290.978,9
549.662,291.402,9
592.2,291.789,9
581.772,291.836,9
564.464,292.351,9
586.942,292.405,9
567.92,293.421,9
566.964,293.507,9
610.904,293.739,9
583.331,293.777,9
584.405,294.012,9
549.789,294.089,9
585.28,294.418,9
583.83,294.789,9
597.681,294.973,9
535.768,295.254,9
604.995,295.599,9
545.803,295.735,9
571.74,296.147,9
536.682,296.948,9
588.979,296.993,9
574.955,297.113,9
603.368,297.967,9
529.14,298.157,9
554.264,299.127,9
524.605,299.439,9
557.589,299.657,9
560.629,300.508,9
588.882,301.082,9
580.291,302.288,9
599.632,302.326,9
528.668,302.446,9
550.772,303.124,9
520.891,303.156,9
562.2,303.45,9
553.389,304.069,9
554.076,304.111,9
565.244,304.849,9
552.828,304.859,9
545.118,305.189,9
574.787,305.203,9
548.781,305.562,9
531.641,306.148,9
580.045,306.605,9
536.437,306.857,9
581.364,307.078,9
542.73,307.096,9
566.065,308.456,9
589.452,309.517,9
581.997,309.537,9
572.642,309.685,9
564.544,310.094,9
551.375,310.51,9
592.919,310.886,9
572.525,310.948,9
593.848,312.823,9
573.861,313.341,9
570.477,313.669,9
592.084,314.374,9
543.406,314.782,9
587.403,314.782,9
572.385,315.254,9
543.885,315.921,9
532.48,316.115,9
568.736,316.53,9
542.344,317.173,9
561.695,317.556,9
557.155,319.103,9
521.94,319.312,9
530.896,320.019,9
519.322,320.204,9
551.946,321.267,9
525.257,321.555,9
557.719,322.275,9
529.494,322.42,9
565.606,323.526,9
558.038,324.983,9
513.127,325.576,9
539.567,325.635,9
511.288,325.661,9
562.505,326.106,9
524.815,326.561,9
562.334,326.591,9
542.555,326.774,9
526.977,329.825,9
510.187,332.044,9
527.642,333.275,9
535.357,333.618,9
530.679,334.881,9
521.398,336.101,9
506.014,336.845,9
544.957,338.278,9
516.405,338.377,9
559.536,338.844,9
516.866,340.122,9
516.175,340.423,9
533.031,342.258,9
516.709,342.967,9
507.298,343.141,9
526.655,343.227,9
537.073,343.324,9
531.384,344.036,9
559.947,344.313,9
551.8,344.665,9
532.63,346.463,9
549.928,346.87,9
512.998,347.134,9
506.282,347.256,9
549.219,347.288,9
549.046,347.325,9
556.37,347.521,9
530.543,347.717,9
517.124,348.839,9
505.591,349.722,9
533.873,350.12,9
546.092,350.246,9
506.8,351.681,9
514.726,352.324,9
563.16,352.825,9
560.466,353.041,9
496.813,353.348,9
523.78,353.627,9
539.062,354.104,9
515.737,354.633,9
512.512,354.649,9
545.246,354.684,9
535.007,354.879,9
531.92,355.585,9
528.132,357.187,9
509.195,357.335,9
545.841,357.713,9
564.763,360.585,9
496.355,360.734,9
526.393,362.78,9
533.479,362.868,9
534.698,363.307,9
514.931,364.027,9
508.735,364.085,9
544.336,365.089,9
536.211,368.434,9
544.616,368.465,9
518.741,368.731,9
549.438,368.815,9
552.761,369.18,9
527.74,370.741,9
529.853,371.235,9
507.817,371.655,9
537.48,372.144,9
514.38,372.154,9
540.382,372.201,9
522.716,372.396,9
547.908,373.611,9
563.812,373.659,9
570.276,374.89,9
537.858,375.534,9
566.252,376.006,9
522.372,376.576,9
541.593,376.772,9
546.888,377.032,9
582.543,378.021,9
573.339,379.514,9
572.883,380.49,9
584.977,380.705,9
506.593,380.706,9
564.637,382.724,9
560.103,383.985,9
568.561,384.308,9
582.386,384.61,9
544.506,384.68,9
602.052,385.07,9
626.183,385.463,9
623.634,386.466,9
557.014,386.488,9
616.898,386.718,9
524.271,387.662,9
497.011,388.034,9
564.948,388.251,9
576.761,388.831,9
561.196,389.205,9
594.78,390.005,9
630.417,390.87,9
575.553,391.146,9
623.474,391.353,9
528.987,391.381,9
623.929,392.063,9
500.079,392.084,9
621.458,392.174,9
627.516,392.205,9
609.448,392.217,9
556.283,393.042,9
614.765,393.269,9
624.527,393.526,9
568.984,393.64,9
518.845,393.922,9
538.624,394.299,9
613.404,394.391,9
557.228,394.627,9
546.581,395.05,9
529.239,395.06,9
553.648,395.396,9
620.747,395.5,9
637.922,396.26,9
619.682,396.262,9
620.355,396.944,9
640.872,396.954,9
647.756,397.113,9
517.716,397.381,9
509.624,398.128,9
584.55,398.314,9
515.617,398.462,9
534.354,398.824,9
658.107,398.942,9
523.036,399.07,9
540.774,399.332,9
512.329,399.97,9
659.654,400.335,9
580.489,400.387,9
656.659,400.523,9
497.553,400.884,9
580.793,400.915,9
652.585,401.112,9
653.301,401.142,9
634.716,401.244,9
664.506,402.044,9
607.694,402.076,9
631.776,402.169,9
596.177,402.183,9
638.123,402.948,9
666.425,403.01,9
569.496,403.554,9
523.135,404.033,9
591.13,404.274,9
514.003,404.715,9
540.47,405.085,9
556,405.256,9
634.319,405.427,9
636.7,405.742,9
517.442,406.077,9
637.681,406.356,9
507.08,406.499,9
532.885,407.271,9
561.513,407.344,9
657.817,408.07,9
576.475,408.079,9
519.845,408.173,9
605.298,408.676,9
525.329,408.777,9
609.738,408.906,9
643.854,409.022,9
632.419,409.502,9
531.025,409.594,9
665.24,409.595,9
656.889,409.615,9
543.174,409.724,9
583.483,409.846,9
559.64,410.03,9
521.159,410.444,9
594.187,410.605,9
531.474,410.911,9
537.59,410.962,9
589.913,410.969,9
559.715,411.3,9
644.994,411.51,9
522.47,411.807,9
522.187,411.914,9
558.783,412.258,9
546.742,412.305,9
523.594,412.541,9
617.726,412.715,9
571.524,413.035,9
543.677,413.373,9
624.702,413.612,9
513.46,413.998,9
541.81,414.169,9
593.963,414.261,9
644.629,414.595,9
638.329,414.601,9
625.101,414.69,9
544.225,414.718,9
548.348,415.317,9
648.34,415.376,9
656.796,416.111,9
622.982,416.399,9
639.921,416.485,9
527.026,416.579,9
544.763,416.649,9
518.294,416.867,9
680.701,416.937,9
536.556,417.417,9
650.36,418.248,9
577.566,418.34,9
654.665,418.648,9
662.413,418.669,9
588.025,419.772,9
509.088,420.189,9
517.639,420.626,9
615.942,420.748,9
555.656,421.388,9
541.292,421.412,9
606.456,421.616,9
555.477,422.03,9
641.059,422.102,9
683.671,422.505,9
663.05,422.637,9
595.394,422.642,9
602.168,422.725,9
639.621,422.884,9
642.005,422.946,9
503.099,423.039,9
552.192,423.151,9
645.575,423.792,9
675.769,424.198,9
547.195,424.432,9
614.932,424.576,9
557.78,425.207,9
667.073,425.59,9
510.521,426.533,9
632.094,426.829,9
555.071,427.039,9
664.939,427.302,9
534.138,427.444,9
600.056,427.462,9
606.664,427.974,9
591.859,428.001,9
645.176,428.255,9
670.508,428.31,9
561.414,428.466,9
613.794,428.565,9
559.657,428.669,9
560.38,429.224,9
671.176,429.473,9
550.407,429.628,9
496.552,429.749,9
598.298,430.209,9
681.532,430.285,9
666.825,430.519,9
576.034,430.531,9
541.993,430.812,9
531.421,430.824,9
649.929,431.409,9
677.589,431.481,9
548.547,431.905,9
519.073,431.995,9
568.102,432.006,9
635.104,432.828,9
505.11,432.984,9
579.018,433.463,9
618.99,433.662,9
526.011,433.833,9
518.055,433.979,9
571.178,434.044,9
605.596,434.319,9
524.43,434.446,9
660.227,434.59,9
517.953,434.911,9
673.834,435.254,9
622.07,435.692,9
595.016,436.412,9
584.847,436.565,9
644.594,436.61,9
618.814,436.923,9
549.33,437.57,9
607.165,437.833,9
508.218,438.065,9
632.776,438.067,9
672.278,438.864,9
512.791,438.881,9
523.964,438.922,9
641.493,439.113,9
511.816,439.857,9
646.095,440.274,9
539.492,440.442,9
545.038,440.497,9
552.415,440.576,9
637.852,440.88,9
647.44,440.969,9
570.518,441.199,9
668.521,441.215,9
647.346,441.747,9
649.06,442.005,9
655.122,442.006,9
554.389,442.29,9
540.557,442.73,9
601.448,442.844,9
612.047,442.94,9
594.482,443.222,9
645.027,443.565,9
514.101,444.018,9
518.556,444.059,9
573.011,444.297,9
603.032,444.463,9
555.255,445.01,9
593.286,445.038,9
558.663,445.26,9
591.195,445.414,9
661.845,445.446,9
602.472,445.846,9
601.816,446.305,9
564.269,446.346,9
609.013,446.653,9
520.396,447.219,9
560.053,447.272,9
637.739,447.422,9
638.559,448.135,9
587.828,448.49,9
629.202,448.54,9
627.726,450.15,9
621.208,451.384,9
538.157,452.418,9
629.318,452.661,9
657.117,452.665,9
559.182,452.682,9
545.589,452.721,9
602.373,453.472,9
551.717,453.653,9
653.791,453.915,9
612.672,454.15,9
558.219,454.31,9
547.3,454.506,9
612.535,455.623,9
578.35,455.69,9
538.964,455.895,9
534.608,455.959,9
621.903,455.992,9
618.075,456.074,9
562.08,456.396,9
617.962,457.551,9
568.39,457.755,9
573.75,458.924,9
565.86,459.454,9
561.304,459.931,9
578.67,460.61,9
554.716,460.908,9
577.082,461.731,9
569.221,462.349,9
556.636,464.758,9
557.293,465.752,9
